-0.060132 0.060828 0.078853 0.9998 0.0081721 -0.017982 7.918e-08
-0.059881 0.060883 0.078832 0.99971 0.0085883 -0.022453 7.918e-08
-0.059881 0.060883 0.078832 0.99971 0.0085883 -0.022453 7.918e-08
-0.059808 0.060904 0.078786 0.99975 0.0072995 -0.021257 7.918e-08
-0.059877 0.060873 0.078831 0.99971 0.0085288 -0.022536 7.918e-08
-0.059877 0.060873 0.078831 0.99971 0.0085288 -0.022536 7.918e-08
-0.059877 0.060873 0.078831 0.99971 0.0085288 -0.022536 7.918e-08
-0.059622 0.060695 0.078895 0.99968 0.0072642 -0.024179 7.918e-08
-0.059638 0.060803 0.078902 0.99969 0.0074274 -0.023929 7.918e-08
-0.059695 0.060732 0.078946 0.99964 0.0085889 -0.025416 7.918e-08
-0.03003 0.060358 0.078649 0.99977 -0.010318 -0.018987 7.918e-08
-0.029985 0.060508 0.07879 0.99984 -0.0079573 -0.016299 7.918e-08
-0.029985 0.060508 0.07879 0.99984 -0.0079573 -0.016299 7.918e-08
-0.029885 0.06038 0.078682 0.99975 -0.010737 -0.019457 7.918e-08
-0.029778 0.060655 0.078655 0.99979 -0.0074805 -0.019134 7.918e-08
-0.029835 0.060287 0.078708 0.99977 -0.012763 -0.017143 7.918e-08
-0.029844 0.060369 0.078716 0.99979 -0.011874 -0.016862 7.918e-08
-0.029778 0.060662 0.078656 0.99979 -0.0073547 -0.019125 7.918e-08
-0.029992 0.060559 0.078795 0.99984 -0.007378 -0.016111 7.918e-08
-0.030131 0.06049 0.078757 0.99985 -0.0075034 -0.015839 7.918e-08
-0.0006215 0.061505 0.078079 -0.01488 0.99915 -0.038359 7.918e-08
-0.00062161 0.06151 0.078079 -0.014876 0.99915 -0.038449 7.918e-08
-0.00067128 0.06149 0.078013 -0.0072722 0.99926 -0.037736 7.918e-08
-0.00062784 0.061377 0.078068 -0.015222 0.99924 -0.036013 7.918e-08
-0.0006557 0.061535 0.078092 -0.0078696 0.99922 -0.038811 7.918e-08
-0.00062672 0.061381 0.078068 -0.015251 0.99923 -0.036071 7.918e-08
-0.00062811 0.061381 0.078069 -0.015226 0.99923 -0.036074 7.918e-08
-0.00073124 0.061175 0.078045 -0.011331 0.99942 -0.03219 7.918e-08
-0.00072597 0.061093 0.078043 -0.010809 0.99948 -0.030381 7.918e-08
-0.00073124 0.061175 0.078045 -0.011331 0.99942 -0.03219 7.918e-08
0.030033 0.060318 0.078662 0.99981 -0.0011749 -0.019303 7.918e-08
0.030195 0.06031 0.078643 0.99979 -0.0018301 -0.020178 7.918e-08
0.030033 0.060318 0.078662 0.99981 -0.0011749 -0.019303 7.918e-08
0.030033 0.060318 0.078662 0.99981 -0.0011749 -0.019303 7.918e-08
0.030054 0.06033 0.078661 0.9998 -0.00092598 -0.019785 7.918e-08
0.030054 0.06033 0.078661 0.9998 -0.00092598 -0.019785 7.918e-08
0.030033 0.060318 0.078662 0.99981 -0.0011749 -0.019303 7.918e-08
0.030241 0.060247 0.078729 0.99975 -0.0014222 -0.022413 7.918e-08
0.030105 0.060266 0.078748 0.99976 -0.00050225 -0.022093 7.918e-08
0.030034 0.060321 0.078662 0.99981 -0.0012126 -0.019332 7.918e-08
0.060668 0.060656 0.078448 0.99954 -0.0038955 -0.03008 7.918e-08
0.060668 0.060656 0.078448 0.99954 -0.0038955 -0.03008 7.918e-08
0.06046 0.060296 0.07855 0.99965 -0.00093411 -0.026468 7.918e-08
0.060667 0.060658 0.078449 0.99954 -0.0039165 -0.03008 7.918e-08
0.060632 0.060441 0.07845 0.99957 -0.0015058 -0.029216 7.918e-08
0.060499 0.060383 0.078553 0.99963 -0.0015443 -0.027176 7.918e-08
0.060472 0.060458 0.078567 0.99965 0.00080482 -0.026623 7.918e-08
0.060545 0.060628 0.078558 0.9996 -0.0035587 -0.028121 7.918e-08
0.060505 0.060613 0.078484 0.99967 -0.0034894 -0.025499 7.918e-08
0.060645 0.060708 0.07846 0.99956 -0.0019426 -0.029633 7.918e-08
-0.060121 0.029158 0.078893 0.99971 -0.01201 -0.020923 7.918e-08
-0.060103 0.029169 0.078892 0.9997 -0.012039 -0.021211 7.918e-08
-0.059997 0.029384 0.079054 0.9997 -0.0079034 -0.023173 7.918e-08
-0.060169 0.029176 0.078996 0.99973 -0.010197 -0.02069 7.918e-08
-0.059976 0.02916 0.078973 0.99965 -0.010442 -0.024177 7.918e-08
-0.059976 0.02916 0.078973 0.99965 -0.010442 -0.024177 7.918e-08
-0.060036 0.029136 0.078916 0.99968 -0.014212 -0.020978 7.918e-08
-0.059991 0.029133 0.078913 0.99966 -0.014436 -0.021762 7.918e-08
-0.060051 0.029178 0.078887 0.99968 -0.012189 -0.022171 7.918e-08
-0.060051 0.029178 0.078887 0.99968 -0.012189 -0.022171 7.918e-08
-0.03015 0.029983 0.078737 0.99968 -0.024054 -0.0079345 7.918e-08
-0.030096 0.029871 0.078676 0.99962 -0.025742 -0.0099955 7.918e-08
-0.030105 0.02994 0.078737 0.99967 -0.02414 -0.0089662 7.918e-08
-0.030095 0.02987 0.078676 0.99962 -0.025745 -0.010019 7.918e-08
-0.03015 0.029983 0.078737 0.99968 -0.024054 -0.0079345 7.918e-08
-0.030033 0.029733 0.078824 0.99972 -0.019361 -0.013394 7.918e-08
-0.030152 0.029759 0.078852 0.99974 -0.020762 -0.0097152 7.918e-08
-0.030268 0.029773 0.078832 0.99979 -0.018442 -0.0092617 7.918e-08
-0.030151 0.02976 0.078852 0.99974 -0.02075 -0.0097447 7.918e-08
-0.030103 0.02994 0.078736 0.99967 -0.024133 -0.0090385 7.918e-08
-0.00054811 0.029744 0.078461 0.012065 0.99988 -0.010183 7.918e-08
-0.00039566 0.029768 0.078473 0.0145 0.99984 -0.010309 7.918e-08
-0.00054811 0.029744 0.078461 0.012065 0.99988 -0.010183 7.918e-08
-0.00054972 0.029745 0.078461 0.012079 0.99987 -0.010202 7.918e-08
-0.00054097 0.029742 0.078461 0.011963 0.99988 -0.010125 7.918e-08
-0.00037764 0.029728 0.078485 0.0084398 0.99991 -0.010266 7.918e-08
-0.00041283 0.029744 0.078487 0.0079843 0.99991 -0.010585 7.918e-08
-0.00039894 0.029642 0.078548 0.014357 0.99987 -0.0072082 7.918e-08
-0.00039078 0.029651 0.078549 0.014381 0.99987 -0.0074015 7.918e-08
-0.00061044 0.029744 0.078462 0.011236 0.99989 -0.010174 7.918e-08
0.030023 0.02966 0.078766 0.99966 -0.025697 -0.0040713 7.918e-08
0.029913 0.029734 0.078737 0.99971 -0.023759 -0.0035203 7.918e-08
0.029826 0.02958 0.078825 0.99969 -0.024864 -0.0012651 7.918e-08
0.029953 0.02961 0.078833 0.99979 -0.019707 -0.0055843 7.918e-08
0.029876 0.029555 0.078938 0.99973 -0.022904 -0.0044674 7.918e-08
0.029818 0.029485 0.078915 0.99972 -0.023253 -0.0036311 7.918e-08
0.029974 0.029514 0.07893 0.9998 -0.018149 -0.0086837 7.918e-08
0.029898 0.029654 0.07883 0.99974 -0.022227 -0.0057989 7.918e-08
0.029869 0.029544 0.078899 0.99984 -0.017236 -0.005271 7.918e-08
0.029869 0.029544 0.078899 0.99984 -0.017236 -0.005271 7.918e-08
0.060424 0.029462 0.078838 0.99962 -0.024802 -0.011918 7.918e-08
0.060422 0.02942 0.078815 0.99965 -0.02411 -0.011028 7.918e-08
0.060261 0.029679 0.078769 0.99962 -0.026198 -0.0086941 7.918e-08
0.060342 0.029736 0.078776 0.99972 -0.022622 -0.0072833 7.918e-08
0.060313 0.029758 0.078799 0.9997 -0.023268 -0.0075692 7.918e-08
0.060334 0.029775 0.078801 0.9997 -0.023327 -0.0079707 7.918e-08
0.060261 0.029679 0.078769 0.99962 -0.026198 -0.0086941 7.918e-08
0.060335 0.029777 0.078801 0.9997 -0.023351 -0.008 7.918e-08
0.060335 0.029777 0.078801 0.9997 -0.023351 -0.008 7.918e-08
0.060335 0.029777 0.078801 0.9997 -0.023351 -0.008 7.918e-08
-0.059734 -0.00075757 0.078544 0.99981 -0.017411 -0.0088728 7.918e-08
-0.059765 -0.00071736 0.078529 0.99981 -0.017747 -0.0083929 7.918e-08
-0.059569 -0.0010096 0.078522 0.99975 -0.017639 -0.01339 7.918e-08
-0.059557 -0.0010749 0.078536 0.99977 -0.016625 -0.013586 7.918e-08
-0.059596 -0.00072786 0.078694 0.99975 -0.019708 -0.010834 7.918e-08
-0.059566 -0.0010235 0.078525 0.99976 -0.017486 -0.013388 7.918e-08
-0.059528 -0.0010284 0.078554 0.99976 -0.016591 -0.014007 7.918e-08
-0.059612 -0.0010243 0.078616 0.99978 -0.017806 -0.010816 7.918e-08
-0.059566 -0.0010235 0.078525 0.99976 -0.017486 -0.013388 7.918e-08
-0.059576 -0.0010271 0.078521 0.99977 -0.016773 -0.01328 7.918e-08
-0.030043 -0.0006607 0.078165 0.99986 -0.016112 0.0034016 7.918e-08
-0.030177 -0.00072416 0.07825 0.99983 -0.016682 0.007264 7.918e-08
-0.030128 -0.00059454 0.078257 0.99982 -0.018169 0.006188 7.918e-08
-0.030061 -0.00076979 0.078181 0.99977 -0.021254 0.0038824 7.918e-08
-0.029949 -0.00084539 0.07813 0.99981 -0.019231 0.0038597 7.918e-08
-0.030091 -0.00068742 0.078162 0.99986 -0.016429 0.0043431 7.918e-08
-0.030089 -0.00059634 0.078173 0.99983 -0.01796 0.0042694 7.918e-08
-0.030089 -0.00059634 0.078173 0.99983 -0.01796 0.0042694 7.918e-08
-0.030097 -0.00071974 0.078163 0.99985 -0.016487 0.0044934 7.918e-08
-0.030086 -0.00059278 0.07817 0.99983 -0.018137 0.0041624 7.918e-08
-0.00020219 -0.00060808 0.078684 0.99975 -0.019038 0.011553 7.918e-08
-0.00024928 -0.00074361 0.078663 0.99979 -0.016681 0.012084 7.918e-08
-0.00025342 -0.00071687 0.078657 0.99979 -0.01644 0.012295 7.918e-08
-0.00025177 -0.00068777 0.07865 0.99979 -0.016376 0.012059 7.918e-08
-0.00025342 -0.00071687 0.078657 0.99979 -0.01644 0.012295 7.918e-08
-0.00022502 -0.00057332 0.078682 0.99976 -0.018384 0.011776 7.918e-08
-0.00025342 -0.00071687 0.078657 0.99979 -0.01644 0.012295 7.918e-08
-0.00023218 -0.00074092 0.078651 0.99981 -0.015259 0.012187 7.918e-08
-0.00025342 -0.00071687 0.078657 0.99979 -0.01644 0.012295 7.918e-08
-0.00025015 -0.00072254 0.078655 0.99979 -0.016302 0.012318 7.918e-08
0.029915 -0.00071201 0.078355 0.99979 -0.017433 0.010548 7.918e-08
0.029897 -0.00084931 0.078379 0.99981 -0.016346 0.010643 7.918e-08
0.029752 -0.0009098 0.078479 0.99975 -0.017037 0.01448 7.918e-08
0.029846 -0.00085428 0.078404 0.99979 -0.016932 0.0119 7.918e-08
0.029876 -0.00080655 0.078394 0.99981 -0.015781 0.011305 7.918e-08
0.029944 -0.00078206 0.078475 0.99986 -0.014319 0.0088147 7.918e-08
0.029896 -0.00071549 0.078381 0.99977 -0.018365 0.011152 7.918e-08
0.02978 -0.00099209 0.078444 0.99975 -0.01808 0.013416 7.918e-08
0.029788 -0.00086404 0.078456 0.99977 -0.016596 0.013519 7.918e-08
0.02991 -0.00090588 0.078366 0.99983 -0.015004 0.010507 7.918e-08
0.060572 -0.00078868 0.078637 0.99998 -0.0063028 0.00084578 7.918e-08
0.060706 -0.00064321 0.078566 0.99998 -0.0058291 -0.0012429 7.918e-08
0.060669 -0.00076308 0.078632 0.99998 -0.0068213 -0.0012614 7.918e-08
0.060597 -0.00078045 0.078637 0.99998 -0.0063964 0.00039608 7.918e-08
0.060523 -0.00079987 0.078638 0.99998 -0.0064155 0.0017098 7.918e-08
0.060523 -0.00079987 0.078638 0.99998 -0.0064155 0.0017098 7.918e-08
0.060586 -0.0007878 0.078639 0.99998 -0.006243 0.00060039 7.918e-08
0.060545 -0.00080181 0.078637 0.99998 -0.0063275 0.001345 7.918e-08
0.060545 -0.00080181 0.078637 0.99998 -0.0063275 0.001345 7.918e-08
0.060545 -0.00080181 0.078637 0.99998 -0.0063275 0.001345 7.918e-08
-0.060364 -0.030681 0.078545 0.99993 -0.0087567 0.0073724 7.918e-08
-0.060244 -0.030768 0.078516 0.99996 -0.0058437 0.0069192 7.918e-08
-0.060321 -0.030491 0.078425 0.99995 -0.0052423 0.0082166 7.918e-08
-0.060383 -0.030457 0.078431 0.99994 -0.004928 0.0093502 7.918e-08
-0.060308 -0.030465 0.078418 0.99996 -0.0051495 0.0079463 7.918e-08
-0.060391 -0.03044 0.078427 0.99994 -0.0049121 0.0094751 7.918e-08
-0.060485 -0.030421 0.078469 0.99992 -0.0084381 0.0093949 7.918e-08
-0.060403 -0.030513 0.078438 0.99994 -0.0053271 0.0096763 7.918e-08
-0.060321 -0.030491 0.078425 0.99995 -0.0052423 0.0082166 7.918e-08
-0.060321 -0.030491 0.078425 0.99995 -0.0052423 0.0082166 7.918e-08
-0.030224 -0.030204 0.078473 0.99988 -0.0059151 0.014424 7.918e-08
-0.030182 -0.030383 0.078425 0.99991 -0.0066491 0.012032 7.918e-08
-0.030273 -0.0303 0.078465 0.99986 -0.0064395 0.015285 7.918e-08
-0.030236 -0.030263 0.078521 0.99986 -0.0032679 0.016178 7.918e-08
-0.030149 -0.030297 0.078477 0.9999 -0.0037232 0.01341 7.918e-08
-0.030217 -0.030278 0.078504 0.99987 -0.0037619 0.01581 7.918e-08
-0.030252 -0.030243 0.07851 0.99986 -0.0034882 0.016563 7.918e-08
-0.030252 -0.030243 0.07851 0.99986 -0.0034882 0.016563 7.918e-08
-0.030217 -0.030278 0.078504 0.99987 -0.0037404 0.015814 7.918e-08
-0.030257 -0.030321 0.078473 0.99987 -0.0061161 0.014778 7.918e-08
-0.00020129 -0.029973 0.078077 -0.004452 0.99995 0.0089478 7.918e-08
-0.00020587 -0.02997 0.078079 -0.0043432 0.99995 0.0088439 7.918e-08
-5.0243e-05 -0.029941 0.07807 -0.001306 0.99997 0.0081028 7.918e-08
-6.3836e-05 -0.029936 0.078068 -0.0014753 0.99997 0.0079063 7.918e-08
-6.3836e-05 -0.029936 0.078068 -0.0014753 0.99997 0.0079063 7.918e-08
-6.6246e-05 -0.02995 0.078069 -0.0012565 0.99997 0.0082235 7.918e-08
-0.00020185 -0.029914 0.078079 -0.0040036 0.99996 0.0078763 7.918e-08
-0.00020265 -0.0299 0.078078 -0.0042804 0.99996 0.0075635 7.918e-08
-0.00020265 -0.0299 0.078078 -0.0042804 0.99996 0.0075635 7.918e-08
-0.00026239 -0.029913 0.078076 -0.0048157 0.99996 0.0078232 7.918e-08
0.030091 -0.030857 0.078599 0.99995 -0.0080889 0.0063318 7.918e-08
0.030086 -0.030857 0.078598 0.99995 -0.0081009 0.0064282 7.918e-08
0.030086 -0.030857 0.078598 0.99995 -0.0081009 0.0064282 7.918e-08
0.029922 -0.030768 0.078606 0.99992 -0.0066043 0.010675 7.918e-08
0.029875 -0.030527 0.078633 0.99989 -0.0081446 0.012257 7.918e-08
0.029923 -0.03077 0.078606 0.99992 -0.0065865 0.010654 7.918e-08
0.029962 -0.030748 0.078611 0.99993 -0.0080444 0.0089778 7.918e-08
0.030091 -0.030858 0.078599 0.99995 -0.0080699 0.0063228 7.918e-08
0.030044 -0.030732 0.07859 0.99994 -0.0061889 0.0092523 7.918e-08
0.030332 -0.030834 0.078543 0.99995 -0.0080399 0.0053391 7.918e-08
0.060495 -0.030637 0.07881 0.99997 0.0071253 -0.00123 7.918e-08
0.060421 -0.030283 0.078587 0.99998 0.0054103 0.0020588 7.918e-08
0.060125 -0.030617 0.078768 0.99998 0.0053541 0.0046055 7.918e-08
0.060125 -0.030617 0.078768 0.99998 0.0053541 0.0046055 7.918e-08
0.060317 -0.030629 0.078777 0.99998 0.0062951 0.0018171 7.918e-08
0.060382 -0.030335 0.078626 0.99998 0.0054463 0.0023714 7.918e-08
0.060228 -0.030616 0.078787 0.99998 0.006029 0.0029427 7.918e-08
0.060309 -0.030413 0.078665 0.99998 0.0053171 0.0034498 7.918e-08
0.060555 -0.030386 0.078758 0.99998 0.0052211 -0.0023491 7.918e-08
0.060319 -0.030631 0.078777 0.99998 0.0062333 0.0017668 7.918e-08
-0.060135 -0.061072 0.078037 0.99991 0.01195 0.0062283 7.918e-08
-0.060105 -0.061078 0.078035 0.99991 0.011918 0.0056856 7.918e-08
-0.060131 -0.061069 0.078037 0.99991 0.011962 0.0061618 7.918e-08
-0.059964 -0.061025 0.078151 0.99992 0.011939 0.0035083 7.918e-08
-0.060134 -0.061077 0.078037 0.99991 0.011933 0.0062278 7.918e-08
-0.060134 -0.061077 0.078037 0.99991 0.011933 0.0062278 7.918e-08
-0.059927 -0.061042 0.078019 0.99994 0.010941 0.0024176 7.918e-08
-0.060221 -0.061058 0.078038 0.9999 0.012112 0.007675 7.918e-08
-0.060136 -0.061071 0.078037 0.99991 0.011967 0.0062505 7.918e-08
-0.060136 -0.061071 0.078037 0.99991 0.011967 0.0062505 7.918e-08
-0.03018 -0.060676 0.078098 0.99997 0.0034095 0.0065769 7.918e-08
-0.03018 -0.060676 0.078098 0.99997 0.0034095 0.0065769 7.918e-08
-0.03018 -0.060676 0.078098 0.99997 0.0034095 0.0065769 7.918e-08
-0.03018 -0.060676 0.078098 0.99997 0.0034095 0.0065769 7.918e-08
-0.030044 -0.060686 0.078123 0.99997 0.0039883 0.0063539 7.918e-08
-0.030185 -0.060678 0.078096 0.99997 0.0034633 0.0067347 7.918e-08
-0.030185 -0.060678 0.078096 0.99997 0.0034633 0.0067347 7.918e-08
-0.030171 -0.060622 0.078093 0.99997 0.0040511 0.0064156 7.918e-08
-0.030213 -0.060755 0.078109 0.99997 0.0042966 0.0069764 7.918e-08
-0.0302 -0.060706 0.078106 0.99997 0.0048209 0.0066815 7.918e-08
-0.00047627 -0.059805 0.078525 -0.022663 0.99974 -0.00052571 7.918e-08
-0.00048167 -0.0597 0.078516 -0.022422 0.99975 -0.0023629 7.918e-08
-0.00046074 -0.05984 0.078517 -0.02189 0.99976 -6.9938e-05 7.918e-08
-0.0004685 -0.059801 0.078519 -0.021998 0.99976 -0.00067718 7.918e-08
-0.00045222 -0.059891 0.078515 -0.021696 0.99976 0.00080327 7.918e-08
-0.00046322 -0.059753 0.078508 -0.022175 0.99975 -0.0016168 7.918e-08
-0.00047414 -0.059888 0.078585 -0.02186 0.99976 -0.0017665 7.918e-08
-0.00047414 -0.059888 0.078585 -0.02186 0.99976 -0.0017665 7.918e-08
-0.00046558 -0.059864 0.078516 -0.022151 0.99975 0.00034926 7.918e-08
-0.00042194 -0.059881 0.078521 -0.024481 0.9997 0.00077524 7.918e-08
0.029867 -0.06139 0.07805 0.99998 0.0034187 -0.0045844 7.918e-08
0.029802 -0.061465 0.078109 0.99999 0.0025293 -0.0026923 7.918e-08
0.029882 -0.061485 0.078058 0.99999 0.0021942 -0.004681 7.918e-08
0.02983 -0.061383 0.078062 0.99999 0.0035793 -0.0036599 7.918e-08
0.029985 -0.061383 0.078039 0.99998 0.0039279 -0.0043168 7.918e-08
0.02987 -0.061375 0.078046 0.99998 0.0034849 -0.0046985 7.918e-08
0.029802 -0.061465 0.078109 0.99999 0.0025293 -0.0026923 7.918e-08
0.029879 -0.061385 0.078042 0.99998 0.0034673 -0.0049148 7.918e-08
0.029879 -0.061385 0.078042 0.99998 0.0034673 -0.0049148 7.918e-08
0.02978 -0.061242 0.078085 0.99999 0.003734 -0.0026144 7.918e-08
0.06 -0.061185 0.078412 0.99994 0.010553 -0.0021045 7.918e-08
0.06 -0.061185 0.078412 0.99994 0.010553 -0.0021045 7.918e-08
0.06 -0.061185 0.078412 0.99994 0.010553 -0.0021045 7.918e-08
0.059992 -0.06122 0.078415 0.99995 0.010297 -0.0019327 7.918e-08
0.059992 -0.06122 0.078415 0.99995 0.010297 -0.0019327 7.918e-08
0.060022 -0.061227 0.078415 0.99994 0.010342 -0.0024286 7.918e-08
0.060025 -0.061219 0.078412 0.99994 0.010604 -0.0024673 7.918e-08
0.059996 -0.061243 0.078417 0.99995 0.0098212 -0.0019375 7.918e-08
0.060001 -0.061186 0.078412 0.99994 0.010507 -0.0021253 7.918e-08
0.059999 -0.061185 0.078412 0.99994 0.010538 -0.0020732 7.918e-08
