-0.059369 0.059338 0.076396 0.99989 -0.010368 -0.010616 7.9181e-08
-0.059592 0.059261 0.076423 0.99991 -0.009884 -0.0086702 7.9181e-08
-0.059592 0.059261 0.076423 0.99991 -0.009884 -0.0086702 7.9181e-08
-0.059399 0.059323 0.076398 0.99988 -0.0093941 -0.011971 7.9181e-08
-0.059399 0.059323 0.076398 0.99988 -0.0093941 -0.011971 7.9181e-08
-0.059399 0.059323 0.076398 0.99988 -0.0093941 -0.011971 7.9181e-08
-0.059399 0.059323 0.076398 0.99988 -0.0093941 -0.011971 7.9181e-08
-0.05947 0.059259 0.07636 0.99987 -0.011652 -0.010847 7.9181e-08
-0.059318 0.059232 0.076492 0.99983 -0.011654 -0.014357 7.9181e-08
-0.059377 0.059635 0.076408 0.99983 -0.015002 -0.010588 7.9181e-08
-0.03013 0.059727 0.076004 0.99978 -0.020709 0.0020651 7.9181e-08
-0.030112 0.059824 0.075923 0.99981 -0.019565 0.00095317 7.9181e-08
-0.030108 0.059772 0.076001 0.99979 -0.020202 0.0022011 7.9181e-08
-0.030072 0.059649 0.075987 0.99983 -0.018389 0.0020905 7.9181e-08
-0.030058 0.059723 0.075903 0.99985 -0.017574 0.00097288 7.9181e-08
-0.030072 0.059649 0.075987 0.99983 -0.018389 0.0020905 7.9181e-08
-0.02986 0.059767 0.075919 0.99985 -0.017135 -0.0023471 7.9181e-08
-0.030063 0.059626 0.075986 0.99982 -0.018722 0.0018648 7.9181e-08
-0.030063 0.059626 0.075986 0.99982 -0.018722 0.0018648 7.9181e-08
-0.030074 0.059683 0.07599 0.99984 -0.017984 0.0021211 7.9181e-08
-0.00047375 0.060448 0.07549 -0.0091605 0.99994 -0.0064208 7.9181e-08
-0.00047375 0.060448 0.07549 -0.0091605 0.99994 -0.0064208 7.9181e-08
-0.00047375 0.060448 0.07549 -0.0091605 0.99994 -0.0064208 7.9181e-08
-0.00055769 0.060462 0.075476 -0.0091032 0.99994 -0.0065254 7.9181e-08
-0.00055769 0.060462 0.075476 -0.0091032 0.99994 -0.0065254 7.9181e-08
-0.00036229 0.060448 0.075489 -0.0061617 0.99996 -0.0062932 7.9181e-08
-0.00036229 0.060448 0.075489 -0.0061617 0.99996 -0.0062932 7.9181e-08
-0.00034179 0.06043 0.075486 -0.0060995 0.99996 -0.0058271 7.9181e-08
-0.00034179 0.06043 0.075486 -0.0060995 0.99996 -0.0058271 7.9181e-08
-0.00042886 0.06041 0.075484 -0.0093806 0.99994 -0.0054482 7.9181e-08
0.030082 0.059727 0.076007 0.99997 -0.0071942 0.00086387 7.9181e-08
0.029988 0.059839 0.076003 0.99999 -0.0050996 0.001318 7.9181e-08
0.029988 0.059839 0.076003 0.99999 -0.0050996 0.001318 7.9181e-08
0.02999 0.059834 0.076002 0.99999 -0.0049971 0.0013275 7.9181e-08
0.030097 0.059499 0.076031 0.99999 -0.0043 -0.0028225 7.9181e-08
0.030039 0.059718 0.076078 0.99998 -0.0061239 -0.0010157 7.9181e-08
0.030039 0.059718 0.076078 0.99998 -0.0061239 -0.0010157 7.9181e-08
0.030084 0.059756 0.076011 0.99997 -0.0073732 0.0008578 7.9181e-08
0.030084 0.059756 0.076011 0.99997 -0.0073732 0.0008578 7.9181e-08
0.03014 0.059707 0.076092 0.99998 -0.0067388 -0.0017174 7.9181e-08
0.059563 0.059673 0.076244 0.99996 -0.0081273 0.0034796 7.9181e-08
0.05957 0.059739 0.076258 0.99996 -0.0080445 0.003251 7.9181e-08
0.05957 0.059739 0.076258 0.99996 -0.0080445 0.003251 7.9181e-08
0.059632 0.059616 0.076287 0.99994 -0.0097213 0.0042088 7.9181e-08
0.059638 0.059644 0.076287 0.99994 -0.0098018 0.0041157 7.9181e-08
0.059638 0.059644 0.076287 0.99994 -0.0098018 0.0041157 7.9181e-08
0.059638 0.059644 0.076287 0.99994 -0.0098018 0.0041157 7.9181e-08
0.059638 0.059644 0.076287 0.99994 -0.0098018 0.0041157 7.9181e-08
0.05957 0.059739 0.076258 0.99996 -0.0080445 0.003251 7.9181e-08
0.05957 0.059739 0.076258 0.99996 -0.0080445 0.003251 7.9181e-08
-0.059081 0.02922 0.076136 0.99978 -0.0073204 -0.01965 7.9181e-08
-0.059103 0.02924 0.076143 0.99979 -0.0071767 -0.019113 7.9181e-08
-0.059103 0.02924 0.076143 0.99979 -0.0071767 -0.019113 7.9181e-08
-0.059175 0.029338 0.076174 0.99982 -0.0069196 -0.017921 7.9181e-08
-0.059175 0.029338 0.076174 0.99982 -0.0069196 -0.017921 7.9181e-08
-0.059175 0.029338 0.076174 0.99982 -0.0069196 -0.017921 7.9181e-08
-0.059169 0.029311 0.076166 0.99982 -0.0065658 -0.017758 7.9181e-08
-0.059229 0.029253 0.076184 0.99985 -0.0036994 -0.017103 7.9181e-08
-0.059229 0.029253 0.076184 0.99985 -0.0036994 -0.017103 7.9181e-08
-0.059191 0.029227 0.076176 0.99983 -0.0041957 -0.018096 7.9181e-08
-0.030375 0.029721 0.075754 0.99993 -0.0115 0.0026861 7.9181e-08
-0.030298 0.029812 0.075859 0.99996 -0.0081305 0.003156 7.9181e-08
-0.030345 0.029634 0.075786 0.99994 -0.010701 0.0015061 7.9181e-08
-0.030329 0.029635 0.075806 0.99994 -0.010663 0.0021139 7.9181e-08
-0.030213 0.029663 0.075751 0.99994 -0.011177 -0.00073098 7.9181e-08
-0.030214 0.029924 0.075942 0.99995 -0.0096816 0.0011606 7.9181e-08
-0.030365 0.02966 0.075812 0.99994 -0.010658 0.0028965 7.9181e-08
-0.030365 0.02966 0.075812 0.99994 -0.010658 0.0028965 7.9181e-08
-0.030169 0.029637 0.075777 0.99995 -0.0098279 0.0015745 7.9181e-08
-0.030374 0.029674 0.075819 0.99994 -0.010295 0.0032073 7.9181e-08
-0.00058222 0.029361 0.076025 -0.0026264 0.99998 0.0055174 7.9181e-08
-0.00058222 0.029361 0.076025 -0.0026264 0.99998 0.0055174 7.9181e-08
-0.00028316 0.02948 0.075985 -0.0041718 0.99998 0.0041939 7.9181e-08
-0.00024669 0.029471 0.075992 -0.0037868 0.99998 0.0046463 7.9181e-08
-0.00024548 0.02952 0.075988 -0.0038254 0.99998 0.0044759 7.9181e-08
-0.00024548 0.02952 0.075988 -0.0038254 0.99998 0.0044759 7.9181e-08
-0.00037498 0.029465 0.07602 -0.00020458 0.99999 0.0041686 7.9181e-08
-0.00024548 0.02952 0.075988 -0.0038254 0.99998 0.0044759 7.9181e-08
-0.00024548 0.02952 0.075988 -0.0038254 0.99998 0.0044759 7.9181e-08
-0.00024548 0.02952 0.075988 -0.0038254 0.99998 0.0044759 7.9181e-08
0.029577 0.029779 0.075877 0.99997 0.001744 0.0078826 7.9181e-08
0.029535 0.029923 0.075968 0.99996 0.0035832 0.0087282 7.9181e-08
0.029474 0.029912 0.075954 0.99995 0.003467 0.009161 7.9181e-08
0.029522 0.029954 0.075973 0.99996 0.0027206 0.0084093 7.9181e-08
0.029826 0.029895 0.075997 0.99997 0.0038303 0.0070851 7.9181e-08
0.029616 0.029919 0.07596 0.99996 0.0037754 0.0086069 7.9181e-08
0.029611 0.029778 0.075883 0.99997 0.0023536 0.0076544 7.9181e-08
0.029564 0.029908 0.075946 0.99995 0.0030844 0.0089857 7.9181e-08
0.029595 0.029777 0.075881 0.99997 0.0022452 0.007753 7.9181e-08
0.029595 0.029777 0.075881 0.99997 0.0022452 0.007753 7.9181e-08
0.059343 0.02952 0.076295 0.9999 -0.0042976 0.013272 7.9181e-08
0.059326 0.029536 0.076307 0.99989 -0.0034303 0.014139 7.9181e-08
0.059327 0.029514 0.076294 0.99989 -0.0032731 0.014319 7.9181e-08
0.059183 0.029668 0.07633 0.99988 -0.001042 0.015369 7.9181e-08
0.059311 0.029521 0.07629 0.99989 -0.0033919 0.014649 7.9181e-08
0.059352 0.02952 0.076293 0.9999 -0.0030421 0.014014 7.9181e-08
0.059352 0.02952 0.076293 0.9999 -0.0030421 0.014014 7.9181e-08
0.059207 0.029602 0.076297 0.99988 -0.00042834 0.015297 7.9181e-08
0.059224 0.029669 0.076329 0.99989 -0.00097116 0.014686 7.9181e-08
0.059379 0.029371 0.076163 0.99992 -0.0072093 0.010774 7.9181e-08
-0.059441 -0.00045431 0.075984 0.99987 0.0040744 -0.015639 7.9181e-08
-0.059339 -0.00037445 0.075993 0.99986 0.0034881 -0.016467 7.9181e-08
-0.059394 -0.00017613 0.075944 0.99986 0.002909 -0.016354 7.9181e-08
-0.059356 -0.0006345 0.075941 0.99987 0.0022128 -0.015668 7.9181e-08
-0.059443 -0.00038819 0.075985 0.99988 0.0043352 -0.014652 7.9181e-08
-0.059498 -0.00046609 0.075988 0.99986 0.0033297 -0.016594 7.9181e-08
-0.059352 -0.00064145 0.07594 0.99987 0.0023395 -0.0161 7.9181e-08
-0.059703 -0.00069146 0.075967 0.99995 0.00039664 -0.010321 7.9181e-08
-0.059588 -0.00043367 0.075982 0.99991 0.0031283 -0.012746 7.9181e-08
-0.059652 -0.00072888 0.075989 0.99991 0.00048084 -0.013473 7.9181e-08
-0.030421 -0.00035515 0.075611 0.99998 -0.0052461 0.0022777 7.9181e-08
-0.030339 -0.00043884 0.075618 0.99998 -0.0061878 0.0014997 7.9181e-08
-0.03034 -0.000411 0.075621 0.99998 -0.006362 0.001528 7.9181e-08
-0.030378 -0.00052391 0.075615 0.99998 -0.0063942 0.0022935 7.9181e-08
-0.030327 -0.00047501 0.075624 0.99998 -0.0068642 0.0013786 7.9181e-08
-0.030303 -0.00043214 0.075634 0.99999 -0.0053282 0.00034942 7.9181e-08
-0.030333 -0.00042892 0.075621 0.99998 -0.0059386 0.0014554 7.9181e-08
-0.030333 -0.00042892 0.075621 0.99998 -0.0059386 0.0014554 7.9181e-08
-0.030333 -0.00042892 0.075621 0.99998 -0.0059386 0.0014554 7.9181e-08
-0.030333 -0.00042892 0.075621 0.99998 -0.0059386 0.0014554 7.9181e-08
-0.00023003 -0.00039693 0.076006 0.99988 -0.014807 0.0053152 7.9181e-08
-0.00023003 -0.00039693 0.076006 0.99988 -0.014807 0.0053152 7.9181e-08
-0.00023003 -0.00039693 0.076006 0.99988 -0.014807 0.0053152 7.9181e-08
-0.0002327 -0.00036773 0.076004 0.99987 -0.015041 0.0052862 7.9181e-08
-0.00026907 -0.00011802 0.07602 0.99988 -0.014504 0.0061559 7.9181e-08
-0.00026907 -0.00011802 0.07602 0.99988 -0.014504 0.0061559 7.9181e-08
-0.00027058 -0.00015028 0.076026 0.99987 -0.014595 0.0062465 7.9181e-08
-0.00025594 -0.00020132 0.076026 0.99988 -0.014357 0.0061776 7.9181e-08
-0.00023461 -0.00036847 0.076006 0.99987 -0.015116 0.0053784 7.9181e-08
-7.8773e-05 -0.00040559 0.076061 0.99989 -0.014684 0.0024722 7.9181e-08
0.029664 -0.00057635 0.075898 0.99994 -0.0086543 0.0062051 7.9181e-08
0.029572 -0.00057196 0.075912 0.99997 -0.0051083 0.0064776 7.9181e-08
0.029706 -0.00046461 0.07596 0.99996 -0.0069319 0.0048221 7.9181e-08
0.029561 -0.00028227 0.075866 0.99997 -0.0047438 0.0065894 7.9181e-08
0.029607 -0.00046281 0.0759 0.99995 -0.0071067 0.0064953 7.9181e-08
0.029513 -0.00030106 0.075904 0.99997 -0.004543 0.0058013 7.9181e-08
0.029456 -0.00040106 0.075881 0.99997 -0.0028892 0.0066645 7.9181e-08
0.02952 -0.0002999 0.07592 0.99998 -0.0045157 0.0054052 7.9181e-08
0.029548 -0.00028793 0.075858 0.99997 -0.004603 0.0065073 7.9181e-08
0.029548 -0.00028793 0.075858 0.99997 -0.004603 0.0065073 7.9181e-08
0.059257 -0.00067784 0.076093 0.99987 -0.0073807 0.014603 7.9181e-08
0.059321 -0.00091766 0.07613 0.99989 -0.006215 0.013093 7.9181e-08
0.059321 -0.00091766 0.07613 0.99989 -0.006215 0.013093 7.9181e-08
0.059228 -0.00067713 0.076109 0.99986 -0.0074522 0.014852 7.9181e-08
0.059355 -0.00058443 0.076106 0.99992 -0.0070651 0.010952 7.9181e-08
0.059259 -0.00056661 0.076201 0.9999 -0.0071727 0.01198 7.9181e-08
0.059213 -0.00068485 0.07616 0.99986 -0.00739 0.014833 7.9181e-08
0.059108 -0.00070974 0.076221 0.99984 -0.0074852 0.016032 7.9181e-08
0.059242 -0.00058799 0.076278 0.99988 -0.007748 0.013318 7.9181e-08
0.059416 -0.00071076 0.076141 0.99991 -0.0070002 0.011394 7.9181e-08
-0.060069 -0.030222 0.075703 0.99999 0.0046526 -0.0025865 7.9181e-08
-0.059919 -0.030251 0.075717 0.99998 -0.00039381 -0.0060113 7.9181e-08
-0.059937 -0.030393 0.075858 0.99997 0.0011441 -0.0079193 7.9181e-08
-0.059914 -0.030317 0.075755 0.99998 -0.00095866 -0.0060716 7.9181e-08
-0.060065 -0.030373 0.075821 0.99997 0.0055864 -0.0049085 7.9181e-08
-0.059923 -0.030256 0.075717 0.99998 -0.00024648 -0.0059921 7.9181e-08
-0.060028 -0.030434 0.075784 0.99999 0.00078632 -0.0037337 7.9181e-08
-0.059961 -0.030438 0.07585 0.99997 0.0025167 -0.0076813 7.9181e-08
-0.060051 -0.030295 0.075923 0.99999 0.0021817 -0.0032905 7.9181e-08
-0.060178 -0.030483 0.075817 0.99999 0.0041778 -0.00071527 7.9181e-08
-0.030337 -0.030392 0.075532 0.99999 -0.0035535 0.00034552 7.9181e-08
-0.030311 -0.030278 0.075592 1 -0.0025591 0.00049795 7.9181e-08
-0.030331 -0.030396 0.075533 0.99999 -0.0035441 0.00020454 7.9181e-08
-0.030354 -0.03039 0.075523 0.99999 -0.0033386 0.00062779 7.9181e-08
-0.030337 -0.030392 0.075532 0.99999 -0.0035535 0.00034552 7.9181e-08
-0.030475 -0.03047 0.075522 0.99999 3.0405e-05 0.0041506 7.9181e-08
-0.030327 -0.030271 0.075588 1 -0.0026823 0.00085466 7.9181e-08
-0.030322 -0.030273 0.075589 1 -0.0027817 0.00081839 7.9181e-08
-0.030322 -0.030273 0.075589 1 -0.0027817 0.00081839 7.9181e-08
-0.030322 -0.030273 0.075589 1 -0.0027817 0.00081839 7.9181e-08
-0.00039727 -0.030364 0.075369 -0.0028226 0.99999 0.0037661 7.9181e-08
-0.00037542 -0.030217 0.075352 -0.003299 0.99999 0.00051609 7.9181e-08
-0.00052266 -0.030349 0.075384 -0.0010206 0.99999 0.0032318 7.9181e-08
-0.00039921 -0.030113 0.075524 -0.0037525 0.99999 -0.0022976 7.9181e-08
-0.00038321 -0.030163 0.075485 -0.0038293 0.99999 -0.0010164 7.9181e-08
-0.00033372 -0.030186 0.075452 0.00021445 1 0.00098209 7.9181e-08
-0.00033372 -0.030186 0.075452 0.00021445 1 0.00098209 7.9181e-08
-0.00033437 -0.030144 0.075425 0.00041559 1 0.0011871 7.9181e-08
-0.00034512 -0.030272 0.075403 -0.0006222 1 0.0029148 7.9181e-08
-0.00031423 -0.030177 0.075467 0.00023421 1 0.00066407 7.9181e-08
0.029977 -0.030302 0.075757 0.99997 -0.0056553 0.0052046 7.9181e-08
0.029853 -0.030285 0.075761 0.99997 -0.0064315 0.0049398 7.9181e-08
0.029984 -0.03032 0.075758 0.99997 -0.0053326 0.0052233 7.9181e-08
0.029993 -0.030328 0.075754 0.99997 -0.0053334 0.005316 7.9181e-08
0.030065 -0.030468 0.075619 0.99998 -0.0060702 0.0015145 7.9181e-08
0.029692 -0.030441 0.075642 0.99995 -0.0083035 0.0057104 7.9181e-08
0.029808 -0.030452 0.075591 0.99997 -0.0068564 0.0032133 7.9181e-08
0.029808 -0.030452 0.075591 0.99997 -0.0068564 0.0032133 7.9181e-08
0.029829 -0.030386 0.075709 0.99996 -0.0072043 0.0053762 7.9181e-08
0.029655 -0.030299 0.07571 0.99995 -0.006173 0.0072782 7.9181e-08
0.059198 -0.030457 0.075964 0.99988 -0.0087913 0.013128 7.9181e-08
0.059186 -0.030388 0.075968 0.99987 -0.0094375 0.013101 7.9181e-08
0.059083 -0.030528 0.075902 0.99984 -0.0092851 0.015224 7.9181e-08
0.059179 -0.030386 0.075969 0.99987 -0.0093996 0.013202 7.9181e-08
0.059205 -0.030478 0.075948 0.99988 -0.0085137 0.012986 7.9181e-08
0.059188 -0.030238 0.07597 0.99986 -0.01063 0.012926 7.9181e-08
0.059188 -0.030238 0.07597 0.99986 -0.01063 0.012926 7.9181e-08
0.059062 -0.030479 0.075927 0.99984 -0.0094518 0.015455 7.9181e-08
0.059062 -0.030479 0.075927 0.99984 -0.0094518 0.015455 7.9181e-08
0.059062 -0.030479 0.075927 0.99984 -0.0094518 0.015455 7.9181e-08
-0.059736 -0.060514 0.075907 0.99996 0.0033747 -0.0079364 7.9181e-08
-0.059483 -0.060665 0.075852 0.99994 0.0037083 -0.010043 7.9181e-08
-0.059483 -0.060665 0.075852 0.99994 0.0037083 -0.010043 7.9181e-08
-0.059506 -0.060679 0.075846 0.99994 0.0047578 -0.0096533 7.9181e-08
-0.059506 -0.060679 0.075846 0.99994 0.0047578 -0.0096533 7.9181e-08
-0.059564 -0.060505 0.07581 0.99997 0.00055344 -0.008146 7.9181e-08
-0.05952 -0.060683 0.075847 0.99994 0.0049693 -0.009525 7.9181e-08
-0.05966 -0.060743 0.075741 0.99997 0.0038271 -0.0069589 7.9181e-08
-0.059646 -0.060754 0.075763 0.99996 0.0035661 -0.0083655 7.9181e-08
-0.059646 -0.060754 0.075763 0.99996 0.0035661 -0.0083655 7.9181e-08
-0.030385 -0.060253 0.075415 0.99998 -0.0059951 0.0031412 7.9181e-08
-0.030436 -0.060261 0.075376 0.99998 -0.005324 0.0045613 7.9181e-08
-0.030425 -0.060254 0.07538 0.99997 -0.0056213 0.0043572 7.9181e-08
-0.030434 -0.060255 0.075375 0.99998 -0.005247 0.0045217 7.9181e-08
-0.030402 -0.060254 0.075404 0.99998 -0.0054744 0.0034559 7.9181e-08
-0.030332 -0.060247 0.075379 0.99998 -0.0051414 0.0040525 7.9181e-08
-0.030284 -0.060163 0.075534 0.99998 -0.0048561 0.0032833 7.9181e-08
-0.030325 -0.060261 0.075388 0.99998 -0.0049738 0.003714 7.9181e-08
-0.030342 -0.060184 0.075482 0.99998 -0.0047105 0.0048417 7.9181e-08
-0.030428 -0.060197 0.075416 0.99997 -0.0038629 0.0071415 7.9181e-08
-0.00039246 -0.059597 0.075882 -0.0042796 0.99997 -0.0062581 7.9181e-08
-0.00034894 -0.059573 0.075978 -0.0047659 0.99994 -0.0099254 7.9181e-08
-0.00029775 -0.059417 0.075982 -0.0066072 0.99993 -0.0095632 7.9181e-08
-0.00025193 -0.059414 0.075989 -0.0078259 0.99992 -0.0099167 7.9181e-08
-0.00025479 -0.059474 0.075964 -0.0077011 0.99993 -0.0092124 7.9181e-08
-0.00025479 -0.059474 0.075964 -0.0077011 0.99993 -0.0092124 7.9181e-08
-0.00036368 -0.059647 0.075871 -0.0050623 0.99997 -0.0058319 7.9181e-08
-0.00036772 -0.059644 0.07587 -0.0052 0.99997 -0.0057122 7.9181e-08
-0.00040905 -0.059592 0.075883 -0.0044542 0.99997 -0.0062131 7.9181e-08
-0.00056154 -0.059459 0.075979 -0.0075371 0.99994 -0.0075842 7.9181e-08
0.029745 -0.060504 0.075523 0.99996 -0.0090057 0.0015357 7.9181e-08
0.029823 -0.06055 0.075507 0.99996 -0.0094545 3.964e-05 7.9181e-08
0.029895 -0.060442 0.075511 0.99992 -0.012715 -0.001245 7.9181e-08
0.029968 -0.060428 0.075521 0.99993 -0.012051 -0.0011583 7.9181e-08
0.030081 -0.06052 0.075539 0.99996 -0.0085745 -0.0022013 7.9181e-08
0.030081 -0.06052 0.075539 0.99996 -0.0085745 -0.0022013 7.9181e-08
0.02996 -0.060432 0.075521 0.99993 -0.012082 -0.0011139 7.9181e-08
0.030077 -0.060524 0.07554 0.99996 -0.0085766 -0.0021732 7.9181e-08
0.02996 -0.060432 0.075521 0.99993 -0.012082 -0.0011139 7.9181e-08
0.02996 -0.060432 0.075521 0.99993 -0.012082 -0.0011139 7.9181e-08
0.059248 -0.060489 0.075994 0.99983 -0.015038 0.01112 7.9181e-08
0.05924 -0.060415 0.07603 0.99982 -0.015408 0.011148 7.9181e-08
0.059365 -0.060163 0.075957 0.99983 -0.015976 0.0094142 7.9181e-08
0.058996 -0.060088 0.075981 0.99979 -0.013655 0.015139 7.9181e-08
0.05935 -0.060168 0.075962 0.99983 -0.015917 0.0095209 7.9181e-08
0.05918 -0.060408 0.076082 0.99981 -0.015397 0.011704 7.9181e-08
0.05918 -0.060408 0.076082 0.99981 -0.015397 0.011704 7.9181e-08
0.05918 -0.060408 0.076082 0.99981 -0.015397 0.011704 7.9181e-08
0.059207 -0.060432 0.076069 0.99982 -0.01526 0.011306 7.9181e-08
0.059215 -0.060499 0.075991 0.99982 -0.01502 0.011741 7.9181e-08
