-0.057207 0.057733 0.071368 0.99401 0.0094001 -0.10893 7.918e-08
-0.057243 0.057761 0.071407 0.99385 0.013881 -0.10989 7.918e-08
-0.057231 0.057625 0.071402 0.99384 0.013068 -0.11007 7.918e-08
-0.057229 0.057634 0.071403 0.99383 0.013147 -0.11012 7.918e-08
-0.057229 0.057634 0.071403 0.99383 0.013147 -0.11012 7.918e-08
-0.057154 0.057738 0.071316 0.99364 0.013058 -0.11181 7.918e-08
-0.057349 0.057814 0.07133 0.99404 0.013855 -0.10811 7.918e-08
-0.057349 0.057814 0.07133 0.99404 0.013855 -0.10811 7.918e-08
-0.057349 0.057814 0.07133 0.99404 0.013855 -0.10811 7.918e-08
-0.057349 0.057814 0.07133 0.99404 0.013855 -0.10811 7.918e-08
-0.028921 0.05838 0.070517 0.99635 0.010519 -0.084664 7.9183e-08
-0.028921 0.05838 0.070517 0.99635 0.010519 -0.084664 7.9183e-08
-0.028926 0.058405 0.07052 0.99637 0.010851 -0.084476 7.9183e-08
-0.028921 0.058497 0.070536 0.99635 0.0095236 -0.084774 7.9183e-08
-0.028927 0.05841 0.070521 0.99637 0.010982 -0.084428 7.9183e-08
-0.028928 0.058415 0.070521 0.99637 0.010866 -0.084413 7.9183e-08
-0.028926 0.058364 0.070513 0.99637 0.010333 -0.084546 7.9183e-08
-0.028926 0.058364 0.070513 0.99637 0.010102 -0.084577 7.9183e-08
-0.028927 0.058409 0.070521 0.99637 0.010735 -0.084462 7.9183e-08
-0.028919 0.058363 0.070511 0.99635 0.010096 -0.084771 7.9183e-08
-0.00097133 0.058163 0.070403 0.006688 0.99959 -0.02772 7.9183e-08
-0.00092751 0.058029 0.070343 0.0090515 0.99968 -0.023472 7.9182e-08
-0.00062625 0.058067 0.070327 0.0071673 0.99968 -0.024187 7.9183e-08
-0.00062751 0.058081 0.070327 0.0098179 0.99966 -0.024333 7.9183e-08
-0.00092249 0.058036 0.070342 0.0093587 0.99968 -0.023596 7.9182e-08
-0.00092603 0.05816 0.070403 0.0086012 0.99958 -0.027586 7.9183e-08
-0.00068912 0.058072 0.070325 0.0046684 0.99969 -0.024284 7.9183e-08
-0.00067458 0.058137 0.070384 0.007872 0.99961 -0.026979 7.9183e-08
-0.00068385 0.058073 0.070327 0.0052095 0.99969 -0.02435 7.9183e-08
-0.00099584 0.058026 0.070341 0.0043714 0.99971 -0.023609 7.9182e-08
0.029832 0.057396 0.070375 0.99885 0.012688 -0.046335 7.9185e-08
0.02983 0.057392 0.070375 0.99885 0.012504 -0.046345 7.9185e-08
0.029777 0.057435 0.070372 0.99879 0.013061 -0.047511 7.9184e-08
0.029752 0.057439 0.070372 0.99882 0.01253 -0.0469 7.9184e-08
0.029824 0.05743 0.070383 0.99885 0.012137 -0.046284 7.9184e-08
0.029824 0.057483 0.070391 0.99885 0.013817 -0.04601 7.9184e-08
0.02983 0.057391 0.070375 0.99885 0.012497 -0.046341 7.9185e-08
0.029802 0.057477 0.070329 0.99891 0.011927 -0.045026 7.9184e-08
0.029784 0.057438 0.070319 0.99894 0.012047 -0.044419 7.9184e-08
0.029832 0.05739 0.070374 0.99885 0.012743 -0.046332 7.9185e-08
0.058524 0.055532 0.070308 0.99906 0.0072541 -0.042827 7.9181e-08
0.058503 0.055574 0.070274 0.999 0.0082334 -0.04401 7.9181e-08
0.058503 0.055574 0.070274 0.999 0.0082334 -0.04401 7.9181e-08
0.05856 0.055714 0.070287 0.99895 0.0062969 -0.045369 7.9181e-08
0.058518 0.055495 0.070255 0.99899 0.0082883 -0.044212 7.9181e-08
0.058551 0.055285 0.070221 0.99896 0.009222 -0.044767 7.9181e-08
0.058568 0.055242 0.070255 0.99902 0.00822 -0.04354 7.9181e-08
0.058541 0.055439 0.070248 0.99896 0.0092301 -0.044646 7.9181e-08
0.05856 0.055397 0.070281 0.99902 0.0082419 -0.043447 7.9181e-08
0.058577 0.055673 0.070322 0.99901 0.0053291 -0.044128 7.9181e-08
-0.057294 0.029997 0.070627 0.99434 -0.0024485 -0.10622 7.918e-08
-0.057349 0.030056 0.070589 0.99446 -0.0026007 -0.1051 7.918e-08
-0.057423 0.029933 0.07047 0.99479 -0.00039021 -0.10198 7.918e-08
-0.057355 0.030058 0.070588 0.99447 -0.0025963 -0.10497 7.918e-08
-0.057469 0.029994 0.070493 0.9947 -0.0027744 -0.10282 7.918e-08
-0.057463 0.029991 0.070494 0.99468 -0.002778 -0.10295 7.918e-08
-0.057349 0.030052 0.070589 0.99446 -0.0026611 -0.10507 7.918e-08
-0.057355 0.030055 0.070588 0.99447 -0.0026566 -0.10494 7.918e-08
-0.057349 0.030052 0.070589 0.99446 -0.0026611 -0.10507 7.918e-08
-0.057301 0.029992 0.070627 0.99436 -0.0025411 -0.10602 7.918e-08
-0.029341 0.030154 0.069472 0.99724 -0.0028843 -0.074223 7.9182e-08
-0.029291 0.030066 0.069547 0.99715 -0.0019258 -0.075375 7.9182e-08
-0.029295 0.030123 0.069536 0.99715 -0.001484 -0.075393 7.9182e-08
-0.029349 0.030189 0.069504 0.99715 0.00051107 -0.075383 7.9182e-08
-0.02935 0.030191 0.069504 0.99716 0.0005113 -0.075353 7.9182e-08
-0.029386 0.030073 0.069552 0.9971 0.0028271 -0.076066 7.9182e-08
-0.029452 0.030242 0.069483 0.99723 0.0030519 -0.074305 7.9182e-08
-0.029386 0.030123 0.069544 0.99711 0.0036951 -0.075933 7.9182e-08
-0.029443 0.030218 0.069483 0.99721 0.0030526 -0.07456 7.9182e-08
-0.029387 0.030101 0.069519 0.9972 3.285e-07 -0.074731 7.9182e-08
-0.00072661 0.028113 0.070441 0.0044006 0.99984 -0.01723 7.9185e-08
-0.00072661 0.028113 0.070441 0.0044006 0.99984 -0.01723 7.9185e-08
-0.00072025 0.028157 0.070501 0.004368 0.99981 -0.019184 7.9186e-08
-0.00072025 0.028157 0.070501 0.004368 0.99981 -0.019184 7.9186e-08
-0.00073033 0.028087 0.070438 0.0052576 0.99985 -0.016649 7.9186e-08
-0.00077152 0.028114 0.07044 0.005071 0.99984 -0.017266 7.9185e-08
-0.00077152 0.028114 0.07044 0.005071 0.99984 -0.017266 7.9185e-08
-0.00077022 0.028115 0.07044 0.0050688 0.99984 -0.017279 7.9185e-08
-0.00083126 0.028167 0.070501 0.0045628 0.9998 -0.019285 7.9186e-08
-0.00074234 0.028158 0.0705 0.0047732 0.99981 -0.01917 7.9186e-08
0.030104 0.028882 0.069508 0.99869 0.018906 -0.047606 7.9184e-08
0.03004 0.028977 0.069505 0.99861 0.02205 -0.047923 7.9184e-08
0.030128 0.028996 0.069461 0.99865 0.019384 -0.048185 7.9184e-08
0.029969 0.029039 0.069495 0.99862 0.023019 -0.047126 7.9184e-08
0.029968 0.02905 0.069492 0.99863 0.02285 -0.047058 7.9184e-08
0.029941 0.02912 0.069496 0.99866 0.022506 -0.046617 7.9183e-08
0.030011 0.029031 0.069505 0.99865 0.021216 -0.047425 7.9183e-08
0.029945 0.02901 0.069468 0.99867 0.020399 -0.047283 7.9184e-08
0.030112 0.028913 0.069557 0.99862 0.022136 -0.0477 7.9184e-08
0.030112 0.028929 0.069563 0.9986 0.022688 -0.047749 7.9184e-08
0.058699 0.027768 0.069314 0.99913 0.0045226 -0.041508 7.9182e-08
0.058673 0.027757 0.069329 0.99916 0.0045841 -0.040796 7.9182e-08
0.058705 0.027766 0.069314 0.99912 0.0044979 -0.041621 7.9182e-08
0.058769 0.02788 0.069408 0.999 0.0028348 -0.044549 7.9182e-08
0.058498 0.028037 0.069392 0.99919 0.0037101 -0.040172 7.9182e-08
0.058503 0.028029 0.06939 0.99919 0.0036604 -0.040166 7.9182e-08
0.058729 0.027897 0.069411 0.99903 0.003055 -0.04399 7.9182e-08
0.058492 0.028033 0.069391 0.99919 0.0037954 -0.040092 7.9182e-08
0.058715 0.027872 0.069425 0.99905 0.0031996 -0.043447 7.9182e-08
0.058778 0.027946 0.069432 0.99901 0.0011101 -0.044464 7.9182e-08
-0.058459 -9.7292e-06 0.070761 0.99557 0.020805 -0.091658 7.9181e-08
-0.058341 -3.5237e-05 0.070795 0.99539 0.0199 -0.093857 7.9181e-08
-0.058419 -4.7118e-05 0.070765 0.99551 0.019738 -0.09257 7.9181e-08
-0.058301 0.00026431 0.070896 0.99533 0.020053 -0.094456 7.9181e-08
-0.058451 -5.3573e-06 0.070752 0.99556 0.019976 -0.091958 7.9181e-08
-0.058261 0.00026053 0.070991 0.99535 0.020419 -0.094085 7.9181e-08
-0.058343 0.00029107 0.070941 0.9955 0.020077 -0.092651 7.9181e-08
-0.058326 0.00027312 0.070942 0.99546 0.020134 -0.093009 7.9181e-08
-0.058334 0.00020801 0.07095 0.99539 0.023971 -0.092856 7.9181e-08
-0.058359 -3.5567e-05 0.070893 0.99552 0.020893 -0.092223 7.9181e-08
-0.029414 0.00048325 0.070407 0.99709 0.0068347 -0.075991 7.9183e-08
-0.029402 0.00030744 0.070409 0.99708 0.0051546 -0.076135 7.9183e-08
-0.029402 0.00030744 0.070409 0.99708 0.0051546 -0.076135 7.9183e-08
-0.029412 0.00037256 0.070412 0.9971 0.0052097 -0.075984 7.9183e-08
-0.029412 0.00037256 0.070412 0.9971 0.0052097 -0.075984 7.9183e-08
-0.0294 0.0001717 0.070414 0.99709 0.0031491 -0.076123 7.9183e-08
-0.029416 0.00040926 0.070414 0.9971 0.004589 -0.075983 7.9183e-08
-0.0294 0.00048908 0.070413 0.99707 0.0063866 -0.076228 7.9183e-08
-0.029415 0.00043021 0.070415 0.9971 0.0049136 -0.076012 7.9183e-08
-0.029415 0.00043021 0.070415 0.9971 0.0049136 -0.076012 7.9183e-08
0.00028824 -0.00031762 0.069984 0.99891 0.014784 -0.044361 7.9184e-08
0.00028819 -0.00031668 0.069983 0.99891 0.014789 -0.04436 7.9184e-08
0.00028575 -0.00031284 0.069984 0.99891 0.014234 -0.044358 7.9184e-08
0.00028575 -0.00031284 0.069984 0.99891 0.014234 -0.044358 7.9184e-08
0.00028674 -0.00032634 0.069983 0.99891 0.014688 -0.044304 7.9184e-08
0.00028574 -0.00045105 0.069989 0.9989 0.01529 -0.044261 7.9184e-08
0.00028474 -0.00043651 0.06999 0.99891 0.014824 -0.044318 7.9184e-08
0.00028474 -0.00043651 0.06999 0.99891 0.014824 -0.044318 7.9184e-08
0.00028089 -0.00036492 0.069981 0.99892 0.01288 -0.044692 7.9184e-08
0.00028575 -0.00031284 0.069984 0.99891 0.014234 -0.044358 7.9184e-08
0.029666 -0.0018664 0.070244 0.99923 0.020531 -0.033329 7.9186e-08
0.029761 -0.0016803 0.070275 0.99917 0.022748 -0.033723 7.9186e-08
0.029647 -0.0016658 0.070228 0.99918 0.021067 -0.034651 7.9186e-08
0.029614 -0.0016773 0.070237 0.99916 0.022937 -0.034068 7.9186e-08
0.029642 -0.0018456 0.070211 0.99918 0.020568 -0.034804 7.9186e-08
0.029636 -0.0018579 0.070213 0.99918 0.020755 -0.034666 7.9186e-08
0.029636 -0.0018579 0.070213 0.99918 0.020755 -0.034666 7.9186e-08
0.029638 -0.0018578 0.070213 0.99918 0.020755 -0.034729 7.9186e-08
0.029638 -0.0018578 0.070213 0.99918 0.020755 -0.034729 7.9186e-08
0.029638 -0.0018578 0.070213 0.99918 0.020755 -0.034729 7.9186e-08
0.059408 -0.0031501 0.069526 0.99882 -0.0014166 -0.048559 7.9183e-08
0.059408 -0.0031501 0.069526 0.99882 -0.0014166 -0.048559 7.9183e-08
0.0593 -0.0028351 0.069712 0.9988 -0.002452 -0.048944 7.9183e-08
0.05933 -0.0027846 0.0696 0.99885 -0.0055826 -0.047722 7.9183e-08
0.059431 -0.0030962 0.06962 0.99869 -0.0050027 -0.051 7.9184e-08
0.059414 -0.0031531 0.069525 0.99882 -0.001284 -0.048638 7.9183e-08
0.059411 -0.003149 0.069526 0.99882 -0.0014056 -0.048621 7.9183e-08
0.059408 -0.0031501 0.069526 0.99882 -0.0014428 -0.048571 7.9183e-08
0.059411 -0.003149 0.069526 0.99882 -0.0014056 -0.048621 7.9183e-08
0.059449 -0.0030847 0.069531 0.99876 -0.0049138 -0.049545 7.9183e-08
-0.05873 -0.029982 0.0702 0.9967 0.013204 -0.080151 7.918e-08
-0.058774 -0.029964 0.070204 0.99687 0.012401 -0.078108 7.918e-08
-0.058774 -0.029977 0.070232 0.99688 0.012785 -0.077842 7.918e-08
-0.058772 -0.030018 0.070223 0.99687 0.012435 -0.078085 7.918e-08
-0.058691 -0.030067 0.070268 0.99674 0.012629 -0.079702 7.918e-08
-0.058746 -0.030015 0.070223 0.99682 0.012505 -0.078682 7.918e-08
-0.058778 -0.029995 0.070265 0.99687 0.012426 -0.078025 7.918e-08
-0.058761 -0.029986 0.070218 0.99685 0.012872 -0.078282 7.918e-08
-0.058746 -0.030015 0.070223 0.99682 0.012505 -0.078682 7.918e-08
-0.058746 -0.030015 0.070223 0.99682 0.012505 -0.078682 7.918e-08
-0.030022 -0.029886 0.069758 0.99848 0.0055264 -0.054892 7.9182e-08
-0.030013 -0.029832 0.069732 0.99845 0.0059736 -0.055314 7.9182e-08
-0.030023 -0.029856 0.069751 0.99848 0.0057152 -0.054857 7.9182e-08
-0.030028 -0.02985 0.069747 0.99849 0.0055923 -0.054695 7.9182e-08
-0.03002 -0.029883 0.069744 0.99846 0.0055811 -0.055159 7.9182e-08
-0.029862 -0.029824 0.069779 0.99831 0.0097067 -0.057387 7.9182e-08
-0.030023 -0.029856 0.069751 0.99848 0.0057152 -0.054857 7.9182e-08
-0.029889 -0.029802 0.069787 0.99832 0.0089921 -0.057224 7.9182e-08
-0.029895 -0.029796 0.069782 0.99833 0.0088463 -0.057035 7.9182e-08
-0.030049 -0.02983 0.069744 0.99847 0.004862 -0.054997 7.9182e-08
0.00021757 -0.030254 0.069588 -0.0056892 0.9989 -0.046453 7.9184e-08
0.00024211 -0.030289 0.06957 -0.0026806 0.99895 -0.045638 7.9184e-08
0.00022185 -0.030255 0.069588 -0.0056374 0.99891 -0.046391 7.9184e-08
1.0275e-06 -0.030092 0.069705 -0.0046808 0.99867 -0.051277 7.9184e-08
7.5292e-05 -0.030258 0.069627 -0.0027762 0.99889 -0.047002 7.9184e-08
8.5473e-05 -0.030086 0.069705 -0.0056575 0.99866 -0.051357 7.9184e-08
0.00010677 -0.030299 0.069563 -0.005761 0.99896 -0.045331 7.9184e-08
0.00010948 -0.030304 0.069561 -0.0058525 0.99896 -0.045221 7.9184e-08
0.00010766 -0.030299 0.069563 -0.0057506 0.99896 -0.045325 7.9184e-08
0.00010632 -0.030281 0.069578 -0.0045596 0.99895 -0.045604 7.9184e-08
0.030639 -0.030939 0.068632 0.99901 0.01104 -0.043083 7.9184e-08
0.030542 -0.030928 0.068663 0.99907 0.0084145 -0.042387 7.9184e-08
0.030539 -0.030954 0.068658 0.99907 0.0086684 -0.042232 7.9184e-08
0.030539 -0.030954 0.068658 0.99907 0.0086684 -0.042232 7.9184e-08
0.030539 -0.030954 0.068658 0.99907 0.0086684 -0.042232 7.9184e-08
0.030605 -0.030815 0.068717 0.99896 0.0067416 -0.045018 7.9184e-08
0.030535 -0.031052 0.068687 0.99906 0.0096375 -0.042365 7.9184e-08
0.030539 -0.030954 0.068658 0.99907 0.0086684 -0.042232 7.9184e-08
0.030546 -0.03093 0.068653 0.99907 0.0083991 -0.042334 7.9184e-08
0.030664 -0.030922 0.068701 0.99889 0.007067 -0.04661 7.9184e-08
0.057649 -0.031543 0.068629 0.9996 -0.0071098 -0.027552 7.9181e-08
0.057688 -0.031599 0.068652 0.99959 -0.0086714 -0.027378 7.9181e-08
0.057688 -0.031599 0.068652 0.99959 -0.0086714 -0.027378 7.9181e-08
0.057668 -0.031593 0.068651 0.9996 -0.008753 -0.027079 7.9181e-08
0.057623 -0.031486 0.068593 0.99963 -0.0084328 -0.025942 7.9181e-08
0.057688 -0.031599 0.068652 0.99959 -0.0086714 -0.027378 7.9181e-08
0.05766 -0.031541 0.068616 0.99962 -0.0099515 -0.025732 7.9181e-08
0.057629 -0.031536 0.068629 0.9996 -0.0072072 -0.027238 7.9181e-08
0.057623 -0.031485 0.068593 0.99963 -0.0084433 -0.025941 7.9181e-08
0.057765 -0.031645 0.068563 0.99958 -0.0096974 -0.027265 7.9181e-08
-0.058645 -0.058049 0.070761 0.99676 -0.0069628 -0.080132 7.918e-08
-0.058644 -0.058072 0.070764 0.99676 -0.0069093 -0.080162 7.918e-08
-0.058644 -0.058072 0.070764 0.99676 -0.0069093 -0.080162 7.918e-08
-0.058695 -0.058171 0.070702 0.99678 -0.0045513 -0.080113 7.918e-08
-0.058644 -0.058072 0.070764 0.99676 -0.0069093 -0.080162 7.918e-08
-0.058644 -0.058072 0.070764 0.99676 -0.0069093 -0.080162 7.918e-08
-0.058623 -0.058128 0.070787 0.9967 -0.0043131 -0.081113 7.918e-08
-0.058644 -0.058072 0.070764 0.99676 -0.0069093 -0.080162 7.918e-08
-0.058608 -0.058003 0.070762 0.99671 -0.0068866 -0.080817 7.918e-08
-0.058605 -0.058011 0.070762 0.9967 -0.0070364 -0.080861 7.918e-08
-0.02973 -0.058843 0.070375 0.99782 -0.0061608 -0.065785 7.9182e-08
-0.02973 -0.058893 0.070384 0.99782 -0.0068124 -0.065686 7.9182e-08
-0.029738 -0.058946 0.070394 0.99783 -0.006475 -0.065484 7.9182e-08
-0.029731 -0.058891 0.070383 0.99782 -0.0067426 -0.065683 7.9182e-08
-0.02973 -0.058892 0.070384 0.99782 -0.0068244 -0.065686 7.9182e-08
-0.029741 -0.058902 0.070387 0.99784 -0.0073643 -0.065306 7.9182e-08
-0.02973 -0.058896 0.070384 0.99782 -0.0068753 -0.065686 7.9182e-08
-0.029733 -0.058853 0.070377 0.99782 -0.0075275 -0.065532 7.9182e-08
-0.02973 -0.058913 0.070387 0.99782 -0.0066571 -0.065721 7.9182e-08
-0.029776 -0.058884 0.070367 0.99771 -0.0077083 -0.067263 7.9183e-08
0.00011105 -0.058715 0.070637 -0.0093815 0.99771 -0.06705 7.9181e-08
-1.1484e-06 -0.05874 0.070651 -0.012478 0.9977 -0.066638 7.9181e-08
9.6441e-05 -0.058742 0.07058 -0.0087928 0.99787 -0.064658 7.9181e-08
0.00010619 -0.05854 0.070644 -0.0093057 0.99748 -0.070313 7.9181e-08
8.9646e-05 -0.058488 0.070616 -0.0083219 0.99757 -0.069142 7.9181e-08
8.9166e-05 -0.058521 0.070598 -0.0085973 0.9976 -0.068713 7.9181e-08
0.00010655 -0.058539 0.070644 -0.0092878 0.99748 -0.070318 7.9181e-08
8.6931e-05 -0.058487 0.07061 -0.0085427 0.99756 -0.069267 7.9181e-08
6.8849e-05 -0.05846 0.070626 -0.0081559 0.99754 -0.06959 7.9181e-08
0.00012983 -0.058499 0.070606 -0.01055 0.99755 -0.06923 7.9181e-08
0.029839 -0.058499 0.069492 0.99973 -0.0074991 -0.021835 7.9186e-08
0.029849 -0.058386 0.06947 0.99973 -0.0060832 -0.022427 7.9186e-08
0.029839 -0.058499 0.069492 0.99973 -0.0074991 -0.021835 7.9186e-08
0.029839 -0.058499 0.069492 0.99973 -0.0074991 -0.021835 7.9186e-08
0.029849 -0.05839 0.069471 0.99973 -0.006103 -0.022425 7.9186e-08
0.029849 -0.05839 0.069471 0.99973 -0.006103 -0.022425 7.9186e-08
0.029825 -0.058553 0.069506 0.99974 -0.0058347 -0.021928 7.9186e-08
0.029838 -0.058435 0.069484 0.99974 -0.0043227 -0.02261 7.9186e-08
0.029848 -0.058385 0.06947 0.99973 -0.00606 -0.022423 7.9186e-08
0.029839 -0.058499 0.069492 0.99973 -0.0074991 -0.021835 7.9186e-08
0.057814 -0.057617 0.069453 0.99973 -0.0060592 -0.022393 7.9181e-08
0.057821 -0.057675 0.069462 0.99973 -0.0056595 -0.022574 7.9181e-08
0.057821 -0.057675 0.069462 0.99973 -0.0056595 -0.022574 7.9181e-08
0.057821 -0.057675 0.069462 0.99973 -0.0056595 -0.022574 7.9181e-08
0.057821 -0.057675 0.069462 0.99973 -0.0056595 -0.022574 7.9181e-08
0.057822 -0.057676 0.069462 0.99973 -0.0057 -0.022577 7.9181e-08
0.057821 -0.057675 0.069462 0.99973 -0.0056595 -0.022573 7.9181e-08
0.057822 -0.057675 0.069462 0.99973 -0.0056611 -0.02258 7.9181e-08
0.057706 -0.057611 0.06952 0.99976 -0.0056619 -0.020979 7.9181e-08
0.057723 -0.057584 0.069558 0.9998 -0.0048187 -0.019644 7.9181e-08
