-0.060284 0.059641 0.075837 0.011141 -0.0085751 -0.9999 -7.8826e-08
-0.060274 0.059392 0.075903 0.0097121 -0.0020002 -0.99995 -7.9097e-08
-0.060172 0.05976 0.075757 0.010505 -0.014021 -0.99985 -7.8638e-08
-0.060154 0.059853 0.075834 0.0091473 -0.014493 -0.99985 -7.8821e-08
-0.060347 0.059819 0.075947 0.012464 -0.012642 -0.99984 -7.9112e-08
-0.060347 0.059819 0.075947 0.012464 -0.012642 -0.99984 -7.9112e-08
-0.060334 0.059404 0.075898 0.011916 -0.0024811 -0.99993 -7.9092e-08
-0.060186 0.059881 0.075832 0.0054929 -0.015773 -0.99986 -7.8776e-08
-0.060282 0.059843 0.075959 0.010013 -0.013402 -0.99986 -7.9136e-08
-0.060282 0.059843 0.075959 0.010013 -0.013402 -0.99986 -7.9136e-08
-0.029658 0.059368 0.076601 -0.0077451 -0.0033419 -0.99996 -8.0777e-08
-0.029532 0.059427 0.076669 -0.0094353 -0.0041384 -0.99995 -8.1072e-08
-0.029549 0.059415 0.076638 -0.0089694 -0.0036862 -0.99995 -8.0991e-08
-0.029656 0.05933 0.076594 -0.0078242 -0.0020299 -0.99997 -8.0761e-08
-0.029658 0.059368 0.076601 -0.0077451 -0.0033419 -0.99996 -8.0777e-08
-0.029783 0.059558 0.076416 -0.0071762 -0.0083762 -0.99994 -8.0585e-08
-0.029693 0.05946 0.076474 -0.010719 -0.0055903 -0.99993 -8.0717e-08
-0.02983 0.059646 0.076399 -0.0053947 -0.011384 -0.99992 -8.0551e-08
-0.029808 0.059324 0.076611 -0.0054222 -0.00056233 -0.99999 -8.0934e-08
-0.029665 0.059236 0.076545 -0.0076829 0.0015485 -0.99997 -8.0644e-08
0.00043724 0.058767 0.075821 -0.005449 0.0040463 -0.99998 -7.8585e-08
0.00043655 0.058783 0.075823 -0.005423 0.0033991 -0.99998 -7.8589e-08
0.00043166 0.058665 0.075897 -0.0053899 0.006552 -0.99996 -7.862e-08
0.00043346 0.058759 0.075823 -0.0053441 0.0043128 -0.99998 -7.8592e-08
0.00042863 0.05877 0.075824 -0.0051884 0.0038829 -0.99998 -7.8595e-08
0.00043432 0.058784 0.075823 -0.0053531 0.0033639 -0.99998 -7.8592e-08
0.00045999 0.058805 0.075839 -0.0061536 0.0023652 -0.99998 -7.8641e-08
0.0004558 0.058782 0.075844 -0.0062037 0.0033138 -0.99998 -7.8661e-08
0.00042859 0.058681 0.075902 -0.0054206 0.0059584 -0.99997 -7.8638e-08
0.00045161 0.058788 0.07583 -0.0058443 0.0031067 -0.99998 -7.8613e-08
0.030398 0.058814 0.076308 -0.0038492 -0.0010452 -0.99999 -7.9986e-08
0.030166 0.058828 0.076409 0.0052568 -0.0013812 -0.99999 -8.0119e-08
0.030297 0.058743 0.076343 0.0031759 0.00055815 -0.99999 -7.9836e-08
0.030128 0.058945 0.076303 0.0076074 -0.0049982 -0.99996 -7.9835e-08
0.030128 0.058945 0.076303 0.0076074 -0.0049982 -0.99996 -7.9835e-08
0.03031 0.059035 0.076135 0.00076431 -0.0079082 -0.99997 -7.9563e-08
0.030511 0.059481 0.076179 -0.0080568 -0.021931 -0.99973 -7.9548e-08
0.030333 0.059001 0.076161 -0.00020712 -0.0068413 -0.99998 -7.9617e-08
0.030588 0.059264 0.076279 -0.011545 -0.015133 -0.99982 -7.9776e-08
0.030591 0.059249 0.07628 -0.011638 -0.014643 -0.99983 -7.978e-08
0.060693 0.060758 0.075455 -0.020582 -0.060755 -0.99794 -7.7784e-08
0.060964 0.060813 0.075401 -0.029835 -0.063594 -0.99753 -7.7555e-08
0.0609 0.060834 0.075395 -0.026479 -0.064151 -0.99759 -7.7526e-08
0.0609 0.060834 0.075395 -0.026479 -0.064151 -0.99759 -7.7526e-08
0.06101 0.060813 0.075414 -0.031615 -0.063556 -0.99748 -7.7592e-08
0.061006 0.060782 0.075414 -0.031516 -0.062418 -0.99755 -7.7588e-08
0.06101 0.060813 0.075414 -0.031615 -0.063556 -0.99748 -7.7592e-08
0.060642 0.060763 0.075457 -0.018615 -0.060971 -0.99797 -7.7786e-08
0.060709 0.060804 0.075478 -0.021205 -0.062371 -0.99783 -7.785e-08
0.060817 0.060786 0.075321 -0.025511 -0.060011 -0.99787 -7.738e-08
-0.060871 0.029297 0.075462 0.025477 0.0016144 -0.99967 -7.8979e-08
-0.060723 0.0294 0.075539 0.017882 -0.00025755 -0.99984 -7.9065e-08
-0.060856 0.029404 0.075537 0.022715 -0.00010553 -0.99974 -7.9053e-08
-0.060766 0.029446 0.07544 0.022533 -0.0010208 -0.99975 -7.8822e-08
-0.060856 0.029455 0.075578 0.025535 -0.0015633 -0.99967 -7.9213e-08
-0.060849 0.029456 0.075577 0.025309 -0.0016075 -0.99968 -7.9209e-08
-0.060663 0.029522 0.075576 0.019583 -0.0053675 -0.99979 -7.9083e-08
-0.060856 0.029455 0.075578 0.025535 -0.0015633 -0.99967 -7.9213e-08
-0.060849 0.029456 0.075577 0.02531 -0.0016075 -0.99968 -7.9209e-08
-0.060867 0.029356 0.075569 0.025957 -0.0015624 -0.99966 -7.9185e-08
-0.029613 0.029692 0.076079 -0.014586 -0.018749 -0.99972 -8.0289e-08
-0.029588 0.029658 0.076074 -0.015519 -0.01781 -0.99972 -8.0277e-08
-0.029584 0.029646 0.076072 -0.015667 -0.017423 -0.99973 -8.0272e-08
-0.0295 0.029603 0.076091 -0.017864 -0.017303 -0.99969 -8.0328e-08
-0.029553 0.029645 0.076104 -0.015876 -0.018353 -0.99971 -8.0366e-08
-0.029578 0.029653 0.076046 -0.01632 -0.018469 -0.9997 -8.0202e-08
-0.029514 0.029597 0.076049 -0.018044 -0.017473 -0.99968 -8.0218e-08
-0.029569 0.029642 0.076043 -0.016653 -0.018165 -0.9997 -8.0196e-08
-0.02946 0.029563 0.076086 -0.019224 -0.016438 -0.99968 -8.0306e-08
-0.029543 0.02963 0.076095 -0.016801 -0.01719 -0.99971 -8.0314e-08
-4.3369e-05 0.030236 0.07523 -0.012346 -0.025802 -0.99959 -7.8281e-08
-3.8909e-05 0.030274 0.07526 -0.012446 -0.027001 -0.99956 -7.8361e-08
2.7778e-05 0.03024 0.07524 -0.012527 -0.025603 -0.99959 -7.8336e-08
2.2333e-05 0.030153 0.07517 -0.012868 -0.021707 -0.99968 -7.8226e-08
2.2333e-05 0.030153 0.07517 -0.012868 -0.021707 -0.99968 -7.8226e-08
2.2333e-05 0.030153 0.07517 -0.012868 -0.021707 -0.99968 -7.8226e-08
-2.4875e-05 0.030228 0.075229 -0.011575 -0.021561 -0.9997 -7.8487e-08
1.4441e-05 0.029996 0.075351 -0.013519 -0.014726 -0.9998 -7.8582e-08
-0.00023278 0.030231 0.075178 -0.0074348 -0.023349 -0.9997 -7.8244e-08
-4.4346e-05 0.030219 0.075171 -0.011042 -0.020787 -0.99972 -7.8333e-08
0.02926 0.030944 0.076454 0.0077924 -0.047253 -0.99885 -8.0619e-08
0.02926 0.030944 0.076454 0.0077924 -0.047253 -0.99885 -8.0619e-08
0.029232 0.030932 0.07641 0.0080365 -0.046118 -0.9989 -8.0505e-08
0.029276 0.031331 0.076208 0.0055099 -0.057701 -0.99832 -8.0313e-08
0.029442 0.03106 0.076333 0.00088142 -0.04908 -0.99879 -8.0456e-08
0.029592 0.031091 0.076356 -0.001179 -0.053601 -0.99856 -8.0464e-08
0.029368 0.031298 0.076279 0.0023721 -0.057906 -0.99832 -8.0438e-08
0.02902 0.031334 0.076363 0.014092 -0.060286 -0.99808 -8.0506e-08
0.02948 0.031235 0.076195 -0.0010568 -0.055994 -0.99843 -8.0368e-08
0.028966 0.031148 0.076358 0.01782 -0.056423 -0.99825 -8.0646e-08
0.060017 0.030769 0.07626 -0.020384 -0.033409 -0.99923 -7.9885e-08
0.060106 0.030905 0.076322 -0.023034 -0.037638 -0.99903 -7.9997e-08
0.060018 0.030806 0.076191 -0.023361 -0.033861 -0.99915 -7.9737e-08
0.060012 0.030789 0.076172 -0.023151 -0.033092 -0.99918 -7.9695e-08
0.060012 0.030789 0.076172 -0.023151 -0.033092 -0.99918 -7.9695e-08
0.060032 0.030808 0.076193 -0.023841 -0.033977 -0.99914 -7.9742e-08
0.060099 0.030984 0.076391 -0.022621 -0.041068 -0.9989 -8.0135e-08
0.059964 0.030859 0.07625 -0.021743 -0.035941 -0.99912 -7.9878e-08
0.060044 0.030992 0.076412 -0.02096 -0.041219 -0.99893 -8.0197e-08
0.060037 0.03099 0.07641 -0.020761 -0.041099 -0.99894 -8.0193e-08
-0.060565 0.00010108 0.075475 -0.004068 -0.013766 -0.9999 -7.8841e-08
-0.060659 -8.6505e-05 0.075542 -0.0030632 -0.0021547 -0.99999 -7.902e-08
-0.060716 9.897e-06 0.075758 -0.0010959 -0.0084168 -0.99996 -7.9651e-08
-0.060408 3.5602e-05 0.075671 -0.010345 -0.010235 -0.99989 -7.9439e-08
-0.060406 3.4415e-05 0.075669 -0.010434 -0.010166 -0.99989 -7.9432e-08
-0.060411 5.0688e-05 0.075594 -0.0096085 -0.0070043 -0.99993 -7.9211e-08
-0.060586 -9.6626e-05 0.075807 -0.0074203 -0.0057936 -0.99996 -7.9803e-08
-0.060422 -1.7921e-05 0.075702 -0.0097776 -0.0083681 -0.99992 -7.9532e-08
-0.060418 2.3654e-05 0.075609 -0.0093953 -0.0060606 -0.99994 -7.9254e-08
-0.060413 5.1691e-05 0.075597 -0.0095438 -0.0070982 -0.99993 -7.9219e-08
-0.029564 0.00027333 0.075899 -0.031525 -0.0092081 -0.99946 -8.0099e-08
-0.029596 0.00052702 0.075868 -0.03018 -0.017264 -0.9994 -8.0041e-08
-0.029578 0.00036387 0.07589 -0.030922 -0.011486 -0.99946 -8.0089e-08
-0.029625 0.00057072 0.075854 -0.028872 -0.015531 -0.99946 -8.0038e-08
-0.029629 0.00056843 0.076066 -0.028013 -0.015495 -0.99949 -8.0433e-08
-0.029658 0.00073173 0.075783 -0.027653 -0.020989 -0.9994 -7.9882e-08
-0.02961 0.00058705 0.07584 -0.029655 -0.019216 -0.99938 -7.9977e-08
-0.029666 0.00061485 0.075837 -0.027194 -0.017084 -0.99948 -8.0013e-08
-0.029658 0.00061261 0.075835 -0.027507 -0.017035 -0.99948 -8.0008e-08
-0.029615 0.00049505 0.075858 -0.029323 -0.013209 -0.99948 -8.0046e-08
4.6974e-05 0.00010339 0.075697 -0.018198 0.0017351 -0.99983 -7.9163e-08
0.00014893 0.00010856 0.075611 -0.024259 0.0053675 -0.99969 -7.8964e-08
0.00014345 -5.1694e-05 0.07553 -0.023352 0.0083734 -0.99969 -7.8825e-08
7.1919e-05 0.00016896 0.075789 -0.02133 -0.00030998 -0.99977 -7.9454e-08
0.00014576 0.00012298 0.075602 -0.024113 0.0042673 -0.9997 -7.8934e-08
0.00045768 -4.4728e-05 0.075779 -0.031347 0.0063734 -0.99949 -7.9435e-08
0.0003484 0.00014959 0.075738 -0.027513 0.00078539 -0.99962 -7.9299e-08
0.00017503 0.00017022 0.075722 -0.024723 0.00033688 -0.99969 -7.9247e-08
0.00031792 0.00015715 0.075692 -0.025741 0.00028025 -0.99967 -7.9176e-08
0.00012297 0.00012504 0.075527 -0.022929 0.0040298 -0.99973 -7.8775e-08
0.030032 8.7676e-05 0.075836 -0.01561 0.0032742 -0.99987 -7.9314e-08
0.030032 8.7676e-05 0.075836 -0.01561 0.0032742 -0.99987 -7.9314e-08
0.030032 8.7676e-05 0.075836 -0.01561 0.0032742 -0.99987 -7.9314e-08
0.029982 -3.9253e-05 0.076067 -0.014357 0.0085141 -0.99986 -7.9738e-08
0.029982 -3.9253e-05 0.076067 -0.014357 0.0085141 -0.99986 -7.9738e-08
0.029921 9.0906e-05 0.076012 -0.011866 0.0026691 -0.99993 -7.9584e-08
0.030057 -7.7839e-05 0.076046 -0.017392 0.0093474 -0.99981 -7.9709e-08
0.030114 -0.00020723 0.076037 -0.019879 0.012911 -0.99972 -7.9729e-08
0.030139 4.0836e-06 0.075989 -0.020889 0.0057439 -0.99977 -7.9619e-08
0.030029 0.00020656 0.076135 -0.016941 0.0011635 -0.99986 -8.0016e-08
0.060234 -0.00013665 0.076305 -0.016623 0.0031589 -0.99986 -7.9555e-08
0.060234 -0.00013665 0.076305 -0.016623 0.0031589 -0.99986 -7.9555e-08
0.060302 -0.00018453 0.076479 -0.016605 0.0046696 -0.99985 -7.9816e-08
0.060227 -0.00011937 0.076379 -0.012883 0.0023567 -0.99991 -7.9837e-08
0.060336 -0.00012876 0.076382 -0.016215 0.002669 -0.99986 -7.9734e-08
0.060156 -0.0001635 0.076374 -0.010751 0.0039431 -0.99993 -7.9807e-08
0.060272 -0.00014876 0.076379 -0.014991 0.0033025 -0.99988 -7.9814e-08
0.060219 -0.00013486 0.076366 -0.012773 0.0028717 -0.99991 -7.9774e-08
0.060169 -0.00013933 0.076364 -0.011343 0.0030254 -0.99993 -7.9777e-08
0.060055 -0.00014775 0.076306 -0.010973 0.0034983 -0.99993 -7.9639e-08
-0.059902 -0.030389 0.07565 -0.019181 0.011621 -0.99975 -7.9879e-08
-0.060123 -0.030352 0.075784 -0.011462 0.010934 -0.99987 -8.0218e-08
-0.06034 -0.030343 0.075827 -0.0040805 0.010744 -0.99993 -8.0312e-08
-0.060323 -0.030345 0.075815 -0.0046557 0.010833 -0.99993 -8.0285e-08
-0.060169 -0.03037 0.075717 -0.010056 0.01144 -0.99988 -8.0037e-08
-0.060155 -0.030368 0.075714 -0.010516 0.011332 -0.99988 -8.0031e-08
-0.060276 -0.030326 0.075704 -0.00652 0.0095373 -0.99993 -7.9987e-08
-0.060155 -0.030368 0.075714 -0.010516 0.011332 -0.99988 -8.0031e-08
-0.05989 -0.030387 0.075647 -0.019569 0.011501 -0.99974 -7.987e-08
-0.059908 -0.030231 0.075476 -0.019164 0.0046916 -0.99981 -7.9542e-08
-0.029184 -0.030114 0.075919 -0.024649 -0.0024361 -0.99969 -8.0163e-08
-0.029179 -0.030095 0.07595 -0.024934 -0.0029573 -0.99968 -8.0248e-08
-0.029055 -0.03021 0.075915 -0.027832 0.0020963 -0.99961 -8.0227e-08
-0.0294 -0.030329 0.075836 -0.018172 0.0032369 -0.99983 -8.0093e-08
-0.0294 -0.030329 0.075836 -0.018172 0.0032369 -0.99983 -8.0093e-08
-0.029161 -0.030099 0.075923 -0.025832 -0.0024211 -0.99966 -8.0172e-08
-0.02907 -0.030222 0.075886 -0.027633 0.0024347 -0.99962 -8.015e-08
-0.029109 -0.0302 0.075913 -0.026338 0.0016234 -0.99965 -8.0208e-08
-0.029166 -0.030116 0.075929 -0.025466 -0.0016581 -0.99967 -8.0191e-08
-0.029158 -0.030102 0.075954 -0.025584 -0.0021606 -0.99967 -8.0254e-08
0.0003647 -0.030553 0.07536 -0.019835 0.0033856 -0.9998 -7.9003e-08
0.00035021 -0.030616 0.075319 -0.019918 0.0056789 -0.99979 -7.8934e-08
0.00083584 -0.030579 0.075246 -0.033969 0.004645 -0.99941 -7.8703e-08
0.0003647 -0.030553 0.07536 -0.019835 0.0033856 -0.9998 -7.9003e-08
0.0003647 -0.030553 0.07536 -0.019835 0.0033856 -0.9998 -7.9003e-08
0.00035021 -0.030616 0.075319 -0.019918 0.0056789 -0.99979 -7.8934e-08
0.00027621 -0.030441 0.075457 -0.016679 -0.00096465 -0.99986 -7.9193e-08
0.00021959 -0.030429 0.075432 -0.015196 -0.0012877 -0.99988 -7.9115e-08
0.0003277 -0.03037 0.075481 -0.018438 -0.0038031 -0.99982 -7.9235e-08
0.00018393 -0.030441 0.075455 -0.015055 -0.00088624 -0.99989 -7.9176e-08
0.03004 -0.029999 0.07603 -0.007639 -0.016797 -0.99983 -7.9431e-08
0.030063 -0.03006 0.076005 -0.0083564 -0.0146 -0.99986 -7.9384e-08
0.030048 -0.030063 0.076011 -0.0083354 -0.014539 -0.99986 -7.9383e-08
0.030175 -0.029967 0.076228 -0.0080809 -0.017105 -0.99982 -7.9979e-08
0.030155 -0.029944 0.076255 -0.0076115 -0.01808 -0.99981 -8.0028e-08
0.030277 -0.029963 0.076248 -0.010274 -0.020429 -0.99974 -7.9865e-08
0.030267 -0.030036 0.076195 -0.010827 -0.017029 -0.9998 -7.9854e-08
0.030226 -0.030068 0.076074 -0.012571 -0.01618 -0.99979 -7.9456e-08
0.030154 -0.029881 0.07625 -0.0070605 -0.021032 -0.99975 -7.9954e-08
0.029955 -0.029606 0.076327 -0.0029469 -0.030813 -0.99952 -8.0275e-08
0.060732 -0.030163 0.076301 -0.029875 -0.020988 -0.99933 -8.0012e-08
0.060783 -0.030208 0.076288 -0.03148 -0.019407 -0.99932 -7.9979e-08
0.060686 -0.030171 0.076312 -0.028267 -0.020429 -0.99939 -8.0041e-08
0.060773 -0.03028 0.076237 -0.031287 -0.016564 -0.99937 -7.9912e-08
0.060713 -0.030061 0.076254 -0.029913 -0.025075 -0.99924 -7.992e-08
0.060752 -0.030291 0.07617 -0.030402 -0.016554 -0.9994 -7.974e-08
0.060712 -0.030066 0.076365 -0.031036 -0.026705 -0.99916 -8.0038e-08
0.060658 -0.030202 0.076236 -0.034188 -0.022186 -0.99917 -7.9798e-08
0.060639 -0.030172 0.076218 -0.027714 -0.023731 -0.99933 -7.9674e-08
0.060732 -0.029991 0.076313 -0.030295 -0.027615 -0.99916 -8.0035e-08
-0.060704 -0.059797 0.07517 -0.0031381 -0.027974 -0.9996 -7.8378e-08
-0.060927 -0.059993 0.075122 0.0045996 -0.021312 -0.99976 -7.8377e-08
-0.061057 -0.059972 0.075106 0.010248 -0.021894 -0.99971 -7.8362e-08
-0.06105 -0.059982 0.075104 0.0099549 -0.021478 -0.99972 -7.8354e-08
-0.06105 -0.059982 0.075104 0.0099549 -0.021478 -0.99972 -7.8354e-08
-0.06106 -0.059974 0.075105 0.010339 -0.021816 -0.99971 -7.8358e-08
-0.06098 -0.059917 0.075134 0.0075061 -0.023795 -0.99969 -7.8419e-08
-0.060984 -0.059933 0.075117 0.0075787 -0.023223 -0.9997 -7.8375e-08
-0.060905 -0.060003 0.075015 0.0088108 -0.020431 -0.99975 -7.8124e-08
-0.060951 -0.060029 0.075053 0.010525 -0.019487 -0.99975 -7.824e-08
-0.029149 -0.060298 0.075475 -0.042381 -0.012316 -0.99903 -7.9592e-08
-0.029328 -0.060156 0.075473 -0.038382 -0.015851 -0.99914 -7.9449e-08
-0.029182 -0.060252 0.075503 -0.041168 -0.014014 -0.99905 -7.9628e-08
-0.029324 -0.060147 0.075467 -0.03875 -0.016412 -0.99911 -7.9415e-08
-0.029252 -0.060115 0.075436 -0.041966 -0.017127 -0.99897 -7.9376e-08
-0.029285 -0.060162 0.075471 -0.040443 -0.015393 -0.99906 -7.9451e-08
-0.029034 -0.0603 0.075415 -0.047445 -0.011976 -0.9988 -7.9502e-08
-0.029088 -0.060007 0.075606 -0.047944 -0.020629 -0.99864 -7.9682e-08
-0.028947 -0.06012 0.07564 -0.050324 -0.018014 -0.99857 -7.9888e-08
-0.028955 -0.060124 0.075647 -0.049972 -0.017885 -0.99859 -7.9902e-08
-0.00044858 -0.060405 0.074997 -0.0066142 0.0012226 -0.99998 -7.766e-08
-0.00037262 -0.060499 0.075088 -0.0094939 0.0058474 -0.99994 -7.7933e-08
-0.00022006 -0.060704 0.074976 -0.013541 0.013437 -0.99982 -7.7488e-08
-0.00023122 -0.0607 0.074964 -0.013103 0.012883 -0.99983 -7.7447e-08
-0.00022366 -0.060703 0.074974 -0.013378 0.01314 -0.99982 -7.748e-08
-0.00026297 -0.060759 0.074956 -0.011892 0.01523 -0.99981 -7.7417e-08
-0.00032983 -0.060247 0.074822 -0.0093046 -0.0057686 -0.99994 -7.7075e-08
-0.00030225 -0.060405 0.074855 -0.010404 0.00013704 -0.99995 -7.7145e-08
-0.00047577 -0.060403 0.074977 -0.0055895 0.00095921 -0.99998 -7.7597e-08
-0.00047658 -0.060314 0.074967 -0.0055259 -0.0024874 -0.99998 -7.7583e-08
0.030016 -0.060368 0.076149 -0.011283 -0.017565 -0.99978 -8.0317e-08
0.030161 -0.060637 0.076113 -0.014047 -0.0087862 -0.99986 -8.0048e-08
0.030148 -0.060628 0.076112 -0.013534 -0.0090783 -0.99987 -8.0045e-08
0.030161 -0.060637 0.076113 -0.014047 -0.0087862 -0.99986 -8.0048e-08
0.030169 -0.060696 0.076109 -0.014313 -0.0071423 -0.99987 -8.0025e-08
0.030167 -0.06062 0.076112 -0.01426 -0.0093554 -0.99985 -8.0046e-08
0.030176 -0.060714 0.076108 -0.014564 -0.0065839 -0.99987 -8.0022e-08
0.030168 -0.060724 0.07611 -0.014266 -0.0062445 -0.99988 -8.0024e-08
0.030035 -0.060537 0.076121 -0.012705 -0.0096332 -0.99987 -8.0227e-08
0.030061 -0.060835 0.075934 -0.012524 0.00013467 -0.99992 -7.9683e-08
0.060519 -0.060396 0.075723 -0.032097 -0.011818 -0.99941 -7.8951e-08
0.060256 -0.06038 0.075719 -0.026559 -0.010334 -0.99959 -7.8801e-08
0.060338 -0.0606 0.075755 -0.027306 -0.0043681 -0.99962 -7.9045e-08
0.060346 -0.060548 0.075701 -0.028192 -0.0064741 -0.99958 -7.8896e-08
0.060386 -0.060484 0.075684 -0.029799 -0.008796 -0.99952 -7.8858e-08
0.060279 -0.060419 0.075759 -0.027085 -0.010245 -0.99958 -7.8894e-08
0.060432 -0.060517 0.075661 -0.031579 -0.0082386 -0.99947 -7.8784e-08
0.060401 -0.060617 0.075906 -0.024865 -0.0089668 -0.99965 -7.9368e-08
0.060401 -0.060617 0.075906 -0.024865 -0.0089668 -0.99965 -7.9368e-08
0.060391 -0.060477 0.075839 -0.024919 -0.00973 -0.99964 -7.9242e-08
