-0.059429 0.059367 0.075919 0.99994 -0.00071196 -0.011 7.7743e-08
-0.059614 0.059214 0.076445 0.99997 -0.0023099 -0.0068951 7.9292e-08
-0.059673 0.059254 0.076519 0.99997 -0.002752 -0.0070061 7.9429e-08
-0.059624 0.059207 0.076455 0.99997 -0.0021941 -0.0067768 7.9325e-08
-0.059598 0.05911 0.076443 0.99997 -0.00016431 -0.0071451 7.925e-08
-0.059624 0.059207 0.076455 0.99997 -0.0021941 -0.0067768 7.9325e-08
-0.059553 0.059289 0.076326 0.99997 0.00045257 -0.0075297 7.8843e-08
-0.059543 0.059422 0.076256 0.99997 -0.0014207 -0.0078337 7.8646e-08
-0.059554 0.059452 0.076203 0.99994 -0.00623 -0.0088152 7.8525e-08
-0.059607 0.059474 0.076379 0.99998 -0.0020188 -0.0065742 7.9002e-08
-0.030091 0.059851 0.076015 0.99989 -0.015162 -0.0003451 7.9437e-08
-0.030137 0.059812 0.076135 0.99987 -0.015819 0.0013203 7.9601e-08
-0.03003 0.059852 0.076068 0.99989 -0.014768 0.00054714 7.9709e-08
-0.030223 0.059867 0.076393 0.99988 -0.014957 0.0030061 8.0489e-08
-0.030201 0.059934 0.076389 0.99988 -0.015331 0.0026206 8.043e-08
-0.030176 0.059986 0.076245 0.99989 -0.014679 0.0013867 8.0253e-08
-0.030176 0.059986 0.076245 0.99989 -0.014679 0.0013867 8.0253e-08
-0.030193 0.059981 0.076241 0.99989 -0.014922 0.0017116 8.027e-08
-0.030046 0.059847 0.076056 0.99989 -0.014798 0.00097459 7.9709e-08
-0.030197 0.059777 0.075761 0.99985 -0.017076 0.0041825 7.9034e-08
-0.00042174 0.060246 0.075132 -0.0024002 0.99998 -0.0058454 7.8183e-08
-0.00065273 0.060365 0.075405 -0.00098479 0.99996 -0.0085793 7.8969e-08
-0.00059156 0.060307 0.075267 0.0011967 0.99997 -0.007009 7.8604e-08
-0.00056456 0.060333 0.075351 0.0014887 0.99997 -0.0077499 7.8853e-08
-0.00073293 0.06028 0.075164 -0.0010137 0.99998 -0.0064878 7.8301e-08
-0.00066397 0.060348 0.075365 -0.0012686 0.99996 -0.008471 7.8898e-08
-0.00070295 0.060243 0.074919 -0.00090664 0.99998 -0.0056759 7.7599e-08
-0.00083641 0.060285 0.075018 -0.00010575 0.99998 -0.0063493 7.7921e-08
-0.00055312 0.060274 0.075106 -0.0015515 0.99998 -0.0063496 7.8133e-08
-0.0006555 0.060348 0.075411 -0.0010701 0.99997 -0.0082534 7.9017e-08
0.030017 0.059543 0.075916 0.99992 -0.012399 -0.0016437 7.9493e-08
0.030004 0.059729 0.075845 0.99996 -0.0093402 -0.0016305 7.9184e-08
0.030021 0.059723 0.075829 0.99996 -0.009154 -0.0019782 7.9113e-08
0.029953 0.059758 0.075862 0.99996 -0.0088436 -0.0017115 7.9237e-08
0.029974 0.059767 0.076053 0.99996 -0.0075523 -0.0037845 7.9599e-08
0.029944 0.05984 0.076072 0.99997 -0.0065492 -0.00369 7.9656e-08
0.030131 0.059748 0.07613 0.99996 -0.0085454 -0.0038441 7.9838e-08
0.030104 0.059769 0.075977 0.99995 -0.0097069 -0.0018447 7.9578e-08
0.03002 0.059795 0.076064 0.99996 -0.0092366 -0.0011565 7.9895e-08
0.030084 0.059714 0.076006 0.99995 -0.010327 -0.0015562 7.9706e-08
0.059281 0.059574 0.07592 0.99996 0.0034333 0.0077988 7.8461e-08
0.059281 0.0596 0.075933 0.99996 0.0031946 0.0077609 7.8494e-08
0.059236 0.059338 0.075792 0.99995 0.0042922 0.0088431 7.813e-08
0.05926 0.059292 0.07583 0.99995 0.0046704 0.0084727 7.8273e-08
0.059255 0.059446 0.075793 0.99996 0.0036467 0.0086905 7.8162e-08
0.059114 0.059302 0.07552 0.99993 0.0063284 0.0095655 7.7473e-08
0.059366 0.059075 0.075839 0.99998 0.0041789 0.0049323 7.8485e-08
0.059193 0.059271 0.075656 0.99994 0.0045266 0.010018 7.7778e-08
0.059045 0.059635 0.075792 0.99992 0.0031508 0.012632 7.8238e-08
0.059238 0.059515 0.075774 0.99995 0.003267 0.0089554 7.8074e-08
-0.059331 0.029292 0.076154 0.9998 -0.012986 -0.015248 7.9137e-08
-0.059524 0.029271 0.07624 0.99987 -0.010029 -0.0127 7.9304e-08
-0.059318 0.029417 0.076234 0.99981 -0.01272 -0.014778 7.9128e-08
-0.059316 0.029374 0.076512 0.99981 -0.013046 -0.014539 7.9866e-08
-0.059337 0.029421 0.076469 0.99982 -0.012602 -0.014058 7.9722e-08
-0.059447 0.029502 0.076317 0.99986 -0.011573 -0.011882 7.926e-08
-0.059285 0.029308 0.076618 0.99982 -0.012257 -0.014145 7.98e-08
-0.05946 0.029482 0.076544 0.99985 -0.012406 -0.011832 7.9844e-08
-0.059491 0.029495 0.07661 0.99988 -0.011516 -0.010291 7.9965e-08
-0.059458 0.029479 0.076347 0.99986 -0.011751 -0.011746 7.9353e-08
-0.030171 0.029626 0.075877 0.99994 -0.010484 0.00060005 7.9446e-08
-0.030187 0.029659 0.075855 0.99993 -0.011473 0.0010729 7.9429e-08
-0.030258 0.029781 0.075813 0.99991 -0.013386 0.0031561 7.9489e-08
-0.030178 0.029661 0.075846 0.99993 -0.011632 0.0007632 7.941e-08
-0.030251 0.029787 0.0758 0.9999 -0.013571 0.0028985 7.9462e-08
-0.030157 0.029834 0.075576 0.99991 -0.013403 -0.00030337 7.9173e-08
-0.030203 0.029932 0.07568 0.99992 -0.012217 0.0020864 7.9305e-08
-0.030199 0.029927 0.075677 0.99992 -0.0123 0.0019583 7.9306e-08
-0.030045 0.029902 0.07576 0.99994 -0.010991 0.0014113 7.9559e-08
-0.030002 0.029713 0.075689 0.99995 -0.009811 -0.0014694 7.934e-08
-0.00022626 0.02939 0.075671 0.0030172 0.99997 0.0066604 7.8454e-08
-0.00023816 0.02941 0.075705 0.0031573 0.99998 0.0059738 7.8497e-08
-0.00016276 0.029434 0.075682 0.0043002 0.99997 0.0057299 7.8399e-08
-0.00023846 0.029442 0.075718 0.0032368 0.99998 0.0053012 7.8479e-08
-0.00031244 0.029445 0.075744 0.0068803 0.99996 0.0064215 7.8716e-08
-0.00034428 0.029439 0.075719 0.0074934 0.99995 0.0064003 7.8642e-08
-0.00035389 0.02945 0.075742 0.0076097 0.99995 0.0063767 7.871e-08
-0.00043711 0.029457 0.075763 0.0063968 0.99996 0.0060687 7.876e-08
-0.00046284 0.029486 0.075826 0.0063587 0.99997 0.0048696 7.8879e-08
-0.00046018 0.029438 0.0758 0.006244 0.99996 0.0059804 7.8891e-08
0.029988 0.029858 0.076219 0.99997 -0.0056774 0.0047513 8.0478e-08
0.029832 0.029897 0.075981 0.99996 -0.0066716 0.0050727 7.978e-08
0.029822 0.029965 0.076104 0.99998 -0.0040554 0.0040399 7.9705e-08
0.029819 0.029954 0.076057 0.99998 -0.0038277 0.0044491 7.9601e-08
0.029637 0.02975 0.076171 0.99998 -0.0036718 0.0053688 8.0309e-08
0.029617 0.029946 0.076269 0.99998 -0.0035803 0.0054834 8.0287e-08
0.02961 0.029913 0.076198 0.99998 -0.0028777 0.0061777 8.0143e-08
0.029592 0.029905 0.076174 0.99998 -0.0026838 0.0063942 8.008e-08
0.029611 0.02991 0.076201 0.99998 -0.0028185 0.0061992 8.0156e-08
0.02961 0.029913 0.076198 0.99998 -0.0028777 0.0061777 8.0143e-08
0.059003 0.029501 0.076049 0.99985 -0.0052077 0.016241 7.9017e-08
0.059028 0.029535 0.076015 0.99986 -0.0053275 0.015825 7.8896e-08
0.059092 0.02963 0.075877 0.9999 -0.0017556 0.014347 7.8527e-08
0.059155 0.029729 0.076211 0.9999 -0.0058796 0.01314 7.9155e-08
0.059158 0.029794 0.076222 0.9999 -0.0059832 0.013032 7.9098e-08
0.059158 0.029727 0.076225 0.9999 -0.005794 0.013102 7.9191e-08
0.059158 0.029727 0.076225 0.9999 -0.005794 0.013102 7.9191e-08
0.059173 0.029781 0.076241 0.9999 -0.0058698 0.012801 7.9162e-08
0.059173 0.029796 0.07624 0.9999 -0.0059889 0.012726 7.914e-08
0.059357 0.029623 0.076229 0.9999 -0.0086282 0.010765 7.927e-08
-0.059302 -0.00051268 0.075923 0.99985 -0.0019962 -0.017232 7.8826e-08
-0.059191 -0.00046239 0.075814 0.99981 -0.001938 -0.019553 7.8519e-08
-0.059445 -0.00047005 0.075998 0.9999 -0.0022187 -0.014039 7.8905e-08
-0.059526 -0.00047061 0.07602 0.99989 -0.0024004 -0.014512 7.8889e-08
-0.059401 -0.00057509 0.075709 0.99988 -0.0021783 -0.015573 7.8548e-08
-0.059294 -0.00053786 0.075905 0.99985 -0.0017369 -0.016995 7.879e-08
-0.059403 -0.00056532 0.075797 0.99988 -0.0019413 -0.015489 7.8777e-08
-0.0593 -0.0005562 0.075956 0.99986 -0.0017832 -0.016857 7.8931e-08
-0.059173 -0.00051918 0.075915 0.99981 -0.001575 -0.01947 7.8837e-08
-0.059292 -0.00055869 0.07597 0.99986 -0.0015915 -0.016591 7.896e-08
-0.030181 -0.00022322 0.075244 0.99997 -0.0080081 -0.00084553 7.8224e-08
-0.030194 -0.00028783 0.075285 0.99997 -0.0071878 -0.00093784 7.8399e-08
-0.030185 -0.00021836 0.075255 0.99997 -0.0080236 -0.0011371 7.8283e-08
-0.030185 -0.00021836 0.075255 0.99997 -0.0080236 -0.0011371 7.8283e-08
-0.030189 -0.00024495 0.075251 0.99997 -0.0081258 -0.00073894 7.8262e-08
-0.030204 -0.00025148 0.075279 0.99996 -0.0084606 -0.00082072 7.8338e-08
-0.030204 -0.00025148 0.075279 0.99996 -0.0084606 -0.00082072 7.8338e-08
-0.030184 -0.0002342 0.075251 0.99997 -0.0081833 -0.00088881 7.8248e-08
-0.030184 -0.0002342 0.075251 0.99997 -0.0081833 -0.00088881 7.8248e-08
-0.030184 -0.0002342 0.075251 0.99997 -0.0081833 -0.00088881 7.8248e-08
-6.2375e-05 -0.00044941 0.076433 0.9999 -0.013892 0.0013312 8.0622e-08
-7.3279e-05 -0.00050063 0.076446 0.99991 -0.013284 0.0021954 8.0646e-08
-5.0209e-05 -0.0004868 0.076448 0.99989 -0.014519 0.0020854 8.0647e-08
-6.7848e-05 -0.00030793 0.076444 0.99989 -0.014673 0.0024592 8.065e-08
-6.0769e-05 -0.00048397 0.076454 0.99989 -0.014526 0.0023226 8.0662e-08
-9.3074e-05 -0.00051964 0.076464 0.99991 -0.013006 0.0023247 8.0692e-08
-9.1611e-05 -0.00051467 0.07647 0.99991 -0.012919 0.0023899 8.0704e-08
-8.9224e-05 -0.00049289 0.076464 0.99991 -0.012926 0.0024202 8.0682e-08
-5.4777e-05 -0.00050686 0.076477 0.9999 -0.014025 0.0020796 8.0717e-08
-0.00017004 -0.00045682 0.076423 0.99989 -0.014055 0.0039633 8.0474e-08
0.029901 -0.00037857 0.075752 0.99999 -0.0034757 0.0013082 7.9218e-08
0.029966 -0.00026543 0.076017 0.99998 -0.0055867 0.0029184 7.9908e-08
0.030013 -0.00028819 0.07596 0.99998 -0.0053181 0.0016797 7.9833e-08
0.029906 -0.00040581 0.076087 0.99999 -0.0029515 0.0020416 8.0178e-08
0.029877 -0.00041034 0.076128 0.99999 -0.0029004 0.0028356 8.0301e-08
0.029845 -0.00025621 0.07607 0.99999 -0.0014792 0.0031752 7.9987e-08
0.029781 -0.00024464 0.075925 0.99999 -0.0016222 0.0029269 7.9654e-08
0.029635 -0.00030712 0.075828 0.99997 -0.0017319 0.007881 7.9455e-08
0.02962 -0.00030056 0.075804 0.99997 -0.0018715 0.0079223 7.9381e-08
0.029778 -0.0001305 0.075908 0.99999 -0.0037341 0.0036746 7.9683e-08
0.059453 -0.00049974 0.076044 0.99998 -0.0013344 0.0062702 7.9e-08
0.059471 -0.00045427 0.076088 0.99998 -0.0016598 0.0061416 7.9225e-08
0.059612 -0.00063806 0.075922 0.99998 -0.0029664 0.0052794 7.9026e-08
0.059308 -0.00050526 0.07589 0.99993 -0.00098315 0.011921 7.845e-08
0.059359 -0.000235 0.075875 0.99995 -0.001929 0.0096914 7.8497e-08
0.059054 -0.00023643 0.075951 0.99989 -0.0024998 0.014908 7.8693e-08
0.059418 -0.00044006 0.076023 0.99997 -0.0016514 0.0068912 7.8913e-08
0.059484 -0.00060199 0.076062 0.99998 -0.0032666 0.0061028 7.9165e-08
0.059292 -0.00047883 0.075994 0.99995 -0.0017054 0.0095646 7.8932e-08
0.059418 -0.00044006 0.076023 0.99997 -0.0016514 0.0068912 7.8913e-08
-0.059849 -0.030531 0.075825 0.99995 0.0011981 -0.010095 7.945e-08
-0.05984 -0.030514 0.075813 0.99995 0.00072661 -0.0099453 7.9429e-08
-0.05985 -0.030538 0.075801 0.99995 0.0015731 -0.0099323 7.9408e-08
-0.059918 -0.030438 0.075959 0.99995 -0.0020095 -0.0096814 7.9771e-08
-0.05985 -0.030538 0.075801 0.99995 0.0015731 -0.0099323 7.9408e-08
-0.059852 -0.030541 0.0758 0.99995 0.0015574 -0.00988 7.9404e-08
-0.059977 -0.030276 0.075477 0.99996 0.0022682 -0.0081707 7.8722e-08
-0.059887 -0.030509 0.075834 0.99995 0.0012961 -0.0094156 7.9541e-08
-0.05965 -0.030471 0.075823 0.99992 0.0011504 -0.01294 7.9085e-08
-0.059983 -0.030278 0.075458 0.99997 0.002266 -0.0080319 7.8672e-08
-0.030283 -0.030325 0.075572 0.99999 -0.0037393 0.00060367 7.9379e-08
-0.030185 -0.030417 0.075621 1 -0.0015506 -0.0022025 7.9325e-08
-0.030185 -0.030417 0.075621 1 -0.0015506 -0.0022025 7.9325e-08
-0.030171 -0.030459 0.07561 1 -0.00062028 -0.0029247 7.9245e-08
-0.03019 -0.03042 0.075613 1 -0.001531 -0.0021203 7.9301e-08
-0.030135 -0.030463 0.075566 1 -0.00035978 -0.0031237 7.9119e-08
-0.030244 -0.030333 0.075512 0.99999 -0.0032079 0.0003258 7.9195e-08
-0.030267 -0.030393 0.075509 1 -0.0022243 -0.00060065 7.9145e-08
-0.030287 -0.030331 0.07552 0.99999 -0.0033867 0.0002752 7.9243e-08
-0.030282 -0.030327 0.07553 0.99999 -0.0035129 0.00022025 7.928e-08
-0.00048888 -0.030376 0.075504 -0.00096824 1 2.8011e-05 7.9304e-08
-0.00045086 -0.030353 0.075535 -0.0012507 1 -5.7739e-05 7.9419e-08
-0.00046245 -0.030344 0.075548 -0.0011892 1 -0.00013358 7.946e-08
-0.0004677 -0.030351 0.075536 -0.0013817 1 -8.023e-05 7.9422e-08
-0.0005012 -0.030374 0.075506 -0.001193 1 1.0704e-05 7.9308e-08
-0.00038047 -0.030225 0.075565 -0.0026671 0.99999 -0.0041021 7.916e-08
-0.00044214 -0.030355 0.075533 -0.0010846 1 -5.48e-05 7.9417e-08
-0.00044214 -0.030355 0.075533 -0.0010846 1 -5.48e-05 7.9417e-08
-0.00043463 -0.030328 0.075377 -0.00094355 1 -0.0016172 7.9165e-08
-0.00043463 -0.030328 0.075377 -0.00094355 1 -0.0016172 7.9165e-08
0.029737 -0.030291 0.076103 0.99997 -0.0079325 0.0019087 8.0138e-08
0.029745 -0.030302 0.076131 0.99997 -0.0069954 0.0015849 8.0206e-08
0.029875 -0.030311 0.076061 0.99997 -0.0077605 0.001178 7.9955e-08
0.029897 -0.030383 0.075907 0.99998 -0.0063142 6.6886e-05 7.9468e-08
0.029799 -0.030369 0.07589 0.99998 -0.0056898 0.0002336 7.9448e-08
0.029792 -0.030268 0.075816 0.99997 -0.0073577 0.0012969 7.9357e-08
0.029774 -0.030382 0.075854 0.99998 -0.0062476 0.00065333 7.9346e-08
0.029714 -0.030272 0.076127 0.99997 -0.0076163 0.0020381 8.0221e-08
0.02978 -0.03031 0.075907 0.99994 -0.010836 0.00064659 7.9822e-08
0.029769 -0.030299 0.075996 0.99996 -0.0089898 0.00059108 7.9988e-08
0.059351 -0.030103 0.075984 0.99991 -0.010795 0.0073554 7.9107e-08
0.059375 -0.030192 0.075829 0.99992 -0.010013 0.0076526 7.88e-08
0.059364 -0.030156 0.075904 0.99992 -0.010256 0.0076286 7.8973e-08
0.059225 -0.030286 0.075932 0.9999 -0.010621 0.0089594 7.874e-08
0.05902 -0.030236 0.075933 0.9999 -0.0086584 0.010867 7.8808e-08
0.05903 -0.030239 0.075857 0.9999 -0.0083577 0.011058 7.8629e-08
0.059184 -0.03037 0.076115 0.9999 -0.010632 0.009546 7.9394e-08
0.059209 -0.030283 0.076085 0.9999 -0.010934 0.0089761 7.9192e-08
0.059264 -0.030474 0.07594 0.99991 -0.0099781 0.0087272 7.9007e-08
0.059305 -0.030474 0.075973 0.9999 -0.012788 0.0062958 7.9203e-08
-0.059592 -0.060537 0.075817 0.99993 -0.0096462 -0.0072024 7.9643e-08
-0.059309 -0.060328 0.07574 0.99986 -0.0096275 -0.013547 7.9196e-08
-0.05953 -0.060171 0.07573 0.99989 -0.010078 -0.01084 7.903e-08
-0.059294 -0.060335 0.075704 0.99986 -0.0096582 -0.013829 7.9084e-08
-0.05953 -0.060171 0.07573 0.99989 -0.010078 -0.01084 7.903e-08
-0.059307 -0.06033 0.075759 0.99986 -0.0096534 -0.013648 7.9247e-08
-0.059528 -0.060168 0.075704 0.99989 -0.0099957 -0.010995 7.8957e-08
-0.059542 -0.060158 0.07574 0.99989 -0.0099843 -0.010794 7.9064e-08
-0.059527 -0.060147 0.075652 0.9999 -0.0096922 -0.010628 7.8827e-08
-0.059542 -0.060158 0.075728 0.99989 -0.0099612 -0.010721 7.903e-08
-0.030469 -0.060148 0.075134 1 0.0013139 0.0023299 7.8434e-08
-0.030395 -0.060093 0.075224 1 0.0011959 0.00023201 7.8511e-08
-0.030409 -0.060217 0.075459 1 0.00086887 0.00074855 7.9429e-08
-0.030419 -0.059998 0.075286 1 -0.00084327 0.0005939 7.8767e-08
-0.030369 -0.060152 0.075034 1 0.00092593 -0.00057119 7.8289e-08
-0.030288 -0.060073 0.075166 1 0.0012252 -0.0015655 7.8374e-08
-0.030259 -0.060127 0.075142 1 0.00020066 -0.0016973 7.8278e-08
-0.030228 -0.060152 0.075067 1 -0.00032508 -0.0018269 7.8054e-08
-0.030252 -0.06013 0.075127 1 0.00015855 -0.0017063 7.8233e-08
-0.0303 -0.060187 0.074975 1 0.0005341 0.00040022 7.8028e-08
-0.00053551 -0.059538 0.076202 -0.003753 0.99995 -0.0092294 8.0059e-08
-0.00057756 -0.05952 0.076196 -0.0037446 0.99995 -0.0097177 8.0062e-08
-0.00050027 -0.059533 0.076114 -0.003802 0.99994 -0.010013 7.9802e-08
-0.00058844 -0.059518 0.076204 -0.0037984 0.99995 -0.0097475 8.0082e-08
-0.00053551 -0.059538 0.076202 -0.003753 0.99995 -0.0092294 8.0059e-08
-0.0003832 -0.059703 0.076214 -0.0037553 0.99997 -0.0067303 8.0385e-08
-0.0003832 -0.059703 0.076214 -0.0037553 0.99997 -0.0067303 8.0384e-08
-0.00022723 -0.059499 0.076162 -0.0034188 0.99994 -0.0099868 7.9859e-08
-0.00022723 -0.059499 0.076162 -0.0034188 0.99994 -0.0099868 7.9859e-08
-0.00019305 -0.059716 0.076213 -0.0040386 0.99997 -0.006183 7.9926e-08
0.029644 -0.06002 0.074986 0.99996 -0.0087987 0.0023094 7.762e-08
0.029665 -0.060009 0.075063 0.99996 -0.0091227 0.0011835 7.7728e-08
0.029847 -0.060206 0.075243 0.99998 -0.0058945 0.0012261 7.8295e-08
0.029957 -0.060156 0.075336 0.99998 -0.0069456 0.0011069 7.8593e-08
0.030006 -0.060191 0.075293 0.99998 -0.0061488 -0.0012025 7.8303e-08
0.030001 -0.060188 0.075302 0.99998 -0.0059919 -0.0010724 7.8325e-08
0.029769 -0.060038 0.075109 0.99996 -0.0083537 0.0021669 7.7947e-08
0.029656 -0.060009 0.075057 0.99996 -0.0089743 0.0014839 7.7729e-08
0.029781 -0.060198 0.07518 0.99998 -0.0060003 0.0014566 7.8132e-08
0.029781 -0.060195 0.075198 0.99998 -0.0059047 0.0014895 7.8184e-08
0.05932 -0.060192 0.076065 0.99989 -0.013422 0.0069039 7.9234e-08
0.059152 -0.060065 0.076049 0.9999 -0.011054 0.0089045 7.9054e-08
0.059012 -0.060007 0.076111 0.99988 -0.011306 0.010965 7.8982e-08
0.059031 -0.060259 0.076145 0.99984 -0.014398 0.011042 7.9326e-08
0.059281 -0.0602 0.076066 0.99988 -0.013428 0.0076403 7.9213e-08
0.059281 -0.0602 0.076066 0.99988 -0.013428 0.0076403 7.9213e-08
0.059323 -0.060198 0.075905 0.99988 -0.013151 0.0076499 7.8917e-08
0.059196 -0.060242 0.076152 0.99992 -0.010133 0.0079931 7.9365e-08
0.059148 -0.0601 0.076079 0.9999 -0.01093 0.0088572 7.9122e-08
0.059339 -0.060198 0.075882 0.99988 -0.013297 0.0073338 7.8832e-08
