-0.059295 0.059169 0.076384 0.99952 -0.012471 -0.028529 7.2475e-08
-0.059266 0.05933 0.076594 0.99956 -0.0099273 -0.027799 7.2973e-08
-0.059357 0.0593 0.076621 0.99961 -0.010408 -0.026107 7.3039e-08
-0.059474 0.059493 0.076618 0.99959 -0.010904 -0.026467 7.3184e-08
-0.059494 0.059474 0.076662 0.9996 -0.010585 -0.026335 7.3305e-08
-0.05951 0.05942 0.076577 0.99966 -0.010501 -0.02381 7.3219e-08
-0.059494 0.059474 0.076662 0.9996 -0.010585 -0.026335 7.3305e-08
-0.059302 0.059394 0.076323 0.99946 -0.0087624 -0.031538 7.2531e-08
-0.05933 0.059292 0.076192 0.99957 -0.0081165 -0.02815 7.2316e-08
-0.059111 0.059464 0.076355 0.99934 -0.0087118 -0.035265 7.2661e-08
-0.030177 0.059681 0.0761 0.99993 -0.0049712 -0.010958 7.3145e-08
-0.030003 0.059731 0.075713 0.9999 -0.00692 -0.012522 7.2367e-08
-0.030192 0.059857 0.075904 0.99992 -0.0052953 -0.011045 7.2955e-08
-0.030183 0.059774 0.075902 0.99991 -0.0071277 -0.011123 7.298e-08
-0.030195 0.059848 0.075906 0.99992 -0.0054573 -0.011012 7.2968e-08
-0.030202 0.059784 0.075897 0.99993 -0.0044196 -0.01078 7.2968e-08
-0.030202 0.059784 0.075897 0.99993 -0.0044196 -0.01078 7.2968e-08
-0.030202 0.059784 0.075897 0.99993 -0.0044196 -0.01078 7.2968e-08
-0.030202 0.059784 0.075897 0.99993 -0.0044196 -0.01078 7.2968e-08
-0.030202 0.059784 0.075897 0.99993 -0.0044196 -0.01078 7.2968e-08
-0.00049244 0.060251 0.075205 -0.012802 0.99972 -0.019773 7.2302e-08
-0.00052544 0.060234 0.075183 -0.012907 0.99973 -0.019425 7.2226e-08
-0.00077544 0.060292 0.075364 -0.011801 0.99972 -0.020494 7.2778e-08
-0.00048007 0.060223 0.075176 -0.012752 0.99972 -0.019812 7.1784e-08
-0.00047588 0.060215 0.075315 -0.01257 0.99973 -0.019778 7.2205e-08
-0.00048808 0.060251 0.075201 -0.013 0.99972 -0.01971 7.2268e-08
-0.00051249 0.060455 0.075242 -0.012841 0.99962 -0.024253 7.2346e-08
-0.00052148 0.060422 0.075253 -0.01284 0.99964 -0.023581 7.239e-08
-0.0005008 0.060391 0.075292 -0.012945 0.99965 -0.023002 7.251e-08
-0.00039385 0.06027 0.075123 -0.013443 0.9997 -0.020397 7.2068e-08
0.030048 0.05963 0.076246 0.99982 0.0037268 -0.018534 7.3737e-08
0.030094 0.059823 0.076343 0.99982 0.00050846 -0.019078 7.3974e-08
0.030046 0.059631 0.076228 0.99982 0.0037037 -0.01853 7.3685e-08
0.030046 0.059631 0.076228 0.99982 0.0037037 -0.01853 7.3685e-08
0.029918 0.059855 0.076013 0.99986 -0.0024086 -0.016289 7.3276e-08
0.029858 0.059795 0.076 0.99983 -0.00094931 -0.0183 7.304e-08
0.029858 0.059793 0.076007 0.99983 -0.0009694 -0.018294 7.3061e-08
0.029815 0.05982 0.075865 0.99987 -0.0018271 -0.01622 7.287e-08
0.029991 0.059647 0.076088 0.99987 0.002706 -0.016154 7.3518e-08
0.029994 0.05965 0.076086 0.99987 0.0027773 -0.016172 7.3511e-08
0.059437 0.059328 0.076174 0.99995 0.00032484 -0.010096 7.299e-08
0.059528 0.059557 0.076317 0.99992 0.0055159 -0.011357 7.3345e-08
0.059651 0.059488 0.076079 0.99985 0.007502 -0.015861 7.2658e-08
0.059683 0.059597 0.076228 0.99983 0.0067858 -0.016881 7.3023e-08
0.059749 0.059578 0.076238 0.99987 0.0041973 -0.015785 7.2961e-08
0.059519 0.059603 0.076274 0.99993 0.0031627 -0.011492 7.3189e-08
0.059442 0.059398 0.076144 0.99995 -0.00037739 -0.01033 7.2881e-08
0.059391 0.059342 0.075925 0.99996 -0.00059308 -0.0088192 7.2341e-08
0.059462 0.059535 0.076033 0.99995 0.0029846 -0.0096689 7.2633e-08
0.059375 0.059233 0.075816 0.99997 0.00018201 -0.0081863 7.2076e-08
-0.059206 0.029353 0.07633 0.99941 -0.010064 -0.032951 7.289e-08
-0.059206 0.029353 0.07633 0.99941 -0.010064 -0.032951 7.289e-08
-0.059251 0.029451 0.076292 0.99944 -0.0097908 -0.03215 7.2714e-08
-0.059227 0.029427 0.07631 0.99942 -0.0099616 -0.032653 7.2775e-08
-0.059225 0.02942 0.076318 0.99941 -0.010046 -0.032708 7.2797e-08
-0.059469 0.029471 0.076296 0.99953 -0.0098651 -0.02903 7.3143e-08
-0.059416 0.029385 0.076362 0.9995 -0.010189 -0.029957 7.3352e-08
-0.059441 0.029542 0.076234 0.99952 -0.0098266 -0.029542 7.2921e-08
-0.059421 0.029595 0.076521 0.99948 -0.010913 -0.030313 7.3556e-08
-0.059441 0.029542 0.076234 0.99952 -0.0098266 -0.029542 7.2921e-08
-0.030216 0.029848 0.075383 0.9999 -0.0067479 -0.012726 7.2396e-08
-0.030129 0.029993 0.07548 0.99986 -0.0087949 -0.014579 7.2477e-08
-0.030105 0.029963 0.075508 0.99985 -0.0082971 -0.015339 7.2493e-08
-0.030094 0.029922 0.075509 0.99985 -0.007332 -0.015834 7.2447e-08
-0.030052 0.029832 0.075536 0.99983 -0.0057955 -0.017283 7.2401e-08
-0.030085 0.029827 0.075555 0.99984 -0.0067086 -0.016608 7.249e-08
-0.030074 0.029798 0.075554 0.99984 -0.0053684 -0.016804 7.2483e-08
-0.029974 0.029649 0.075737 0.99985 -0.0071861 -0.01597 7.2847e-08
-0.029965 0.029877 0.075655 0.99987 -0.0036204 -0.015697 7.2651e-08
-0.029985 0.02995 0.075615 0.99987 -0.0053812 -0.015134 7.2689e-08
-0.00027617 0.029208 0.075734 0.0034118 0.99998 -0.0054605 7.2417e-08
-0.00027244 0.029229 0.075714 0.0035048 0.99998 -0.0056552 7.2349e-08
-0.00033029 0.029325 0.075609 0.0027769 0.99996 -0.0082818 7.2304e-08
-0.00044541 0.029303 0.075682 0.0011005 0.99996 -0.0085056 7.2533e-08
-0.00063716 0.029261 0.075742 -0.0017339 0.99997 -0.007116 7.2387e-08
-0.00041915 0.029222 0.075896 0.0013862 0.99997 -0.0071351 7.2786e-08
-0.00019926 0.02932 0.075907 0.0039423 0.99994 -0.0099141 7.2739e-08
-0.00020088 0.02933 0.075901 0.0039297 0.99994 -0.0101 7.2716e-08
-0.00034999 0.029354 0.07587 0.0014725 0.99994 -0.010625 7.2659e-08
-0.00038461 0.029415 0.076065 0.0015711 0.99991 -0.013119 7.2977e-08
0.029678 0.029881 0.075983 0.99992 0.0086144 -0.0087717 7.3384e-08
0.02982 0.029988 0.075995 0.9999 0.0045091 -0.013158 7.3345e-08
0.029692 0.029898 0.075978 0.99992 0.008365 -0.0090273 7.3353e-08
0.029715 0.029919 0.076001 0.99992 0.0080419 -0.0096729 7.3361e-08
0.0297 0.029897 0.075968 0.99992 0.0084729 -0.0090781 7.3324e-08
0.029706 0.029919 0.07601 0.99992 0.0079275 -0.0096103 7.339e-08
0.029557 0.02991 0.076163 0.99992 0.0088221 -0.0085616 7.3873e-08
0.029701 0.029899 0.076034 0.99992 0.0081613 -0.0095083 7.3459e-08
0.029711 0.029909 0.075986 0.99992 0.0082611 -0.0095156 7.3337e-08
0.029716 0.029904 0.07607 0.99992 0.0080371 -0.010065 7.3505e-08
0.059275 0.029414 0.076075 0.99998 0.0017266 -0.0062745 7.2819e-08
0.059199 0.029347 0.075827 0.99999 0.0031535 -0.0040225 7.2281e-08
0.059197 0.029541 0.075875 0.99999 0.0036884 -0.0034921 7.2252e-08
0.058909 0.029771 0.076091 0.99999 0.0035504 0.0015088 7.2592e-08
0.059066 0.029787 0.076142 0.99995 0.010344 -0.00055986 7.2498e-08
0.059257 0.029572 0.07616 0.99997 0.0077732 -0.0024965 7.2721e-08
0.05941 0.02961 0.0759 0.99997 0.0047 -0.0058933 7.2558e-08
0.059253 0.029595 0.076063 0.99997 0.0074688 -0.0021674 7.2502e-08
0.059184 0.029706 0.076157 0.99998 0.0069612 -0.00099422 7.2759e-08
0.059194 0.029992 0.076162 0.99996 0.0092097 -0.0018221 7.302e-08
-0.059544 -0.00063623 0.075601 0.99952 -0.0032046 -0.03095 7.2019e-08
-0.059444 -0.00073266 0.075444 0.99946 -0.00012392 -0.032859 7.163e-08
-0.059466 -0.00071836 0.07546 0.99946 -0.00049174 -0.032823 7.1656e-08
-0.059557 -0.00080779 0.075578 0.99952 -0.00013992 -0.030985 7.2016e-08
-0.059578 -0.00080016 0.075556 0.99954 -8.076e-05 -0.030345 7.1963e-08
-0.059482 -0.00053746 0.075502 0.99946 -0.0056204 -0.032495 7.1795e-08
-0.059541 -0.00074149 0.075611 0.99949 -0.001159 -0.031821 7.2066e-08
-0.059358 -0.00078887 0.075595 0.99937 0.00027116 -0.035527 7.2118e-08
-0.059566 -0.00079225 0.075699 0.9995 -5.537e-05 -0.031618 7.229e-08
-0.059541 -0.00074149 0.075611 0.99949 -0.001159 -0.031821 7.2066e-08
-0.030034 -0.00021736 0.075325 0.99987 -0.0027383 -0.016009 7.2022e-08
-0.030047 -0.00022545 0.075339 0.99987 -0.0026972 -0.015691 7.206e-08
-0.030082 -0.0002409 0.075384 0.99988 -0.0010831 -0.015419 7.2204e-08
-0.030122 -0.00010758 0.075341 0.9999 -0.00064272 -0.014319 7.2186e-08
-0.030065 -6.3329e-05 0.075306 0.99988 -0.0040528 -0.015182 7.202e-08
-0.030109 -0.0001928 0.075166 0.99988 -0.0052659 -0.014361 7.1692e-08
-0.030095 -0.00030021 0.075357 0.99987 -0.0060384 -0.014928 7.2237e-08
-0.030056 -0.00010433 0.07537 0.99984 -0.0047271 -0.017048 7.2266e-08
-0.029943 -0.00034779 0.074994 0.99982 -0.0028912 -0.018966 7.1475e-08
-0.029948 -0.00020812 0.075017 0.9998 -0.0052937 -0.019075 7.1545e-08
-0.0001863 -8.8642e-05 0.076328 0.99989 -0.0048073 -0.013724 7.3829e-08
-0.00016623 -0.00020095 0.076338 0.99989 -0.0044722 -0.014365 7.3878e-08
-0.00017835 -0.00010293 0.076368 0.99989 -0.0053133 -0.014049 7.3944e-08
-0.00039398 3.9295e-05 0.076514 0.99995 -0.0024101 -0.0097349 7.4342e-08
-0.00041149 1.8055e-05 0.076502 0.99996 -0.002068 -0.0091894 7.4326e-08
-0.00015708 -0.00026128 0.076298 0.99988 -0.0038512 -0.014683 7.3742e-08
-0.00039744 8.9895e-05 0.076494 0.99995 -0.0025381 -0.0095213 7.4266e-08
-0.00013895 0.00019304 0.076472 0.99989 -0.0035149 -0.014276 7.4217e-08
-0.00027474 -1.2379e-05 0.076749 0.99993 -0.0035271 -0.010939 7.4942e-08
-0.00026896 -7.7085e-06 0.076703 0.99994 -0.0027966 -0.010954 7.4847e-08
0.029721 -0.00012167 0.075794 0.99994 -0.0043162 -0.010474 7.2969e-08
0.029721 -0.00012167 0.075794 0.99994 -0.0043162 -0.010474 7.2969e-08
0.029784 -0.00032114 0.075862 0.99993 -0.0008032 -0.011826 7.307e-08
0.029765 -0.00014768 0.076002 0.99994 -0.0044982 -0.010099 7.3547e-08
0.029719 -0.00029231 0.076152 0.99992 -0.0064235 -0.010503 7.3967e-08
0.029794 -0.00026739 0.076066 0.99992 -0.0061663 -0.011214 7.3698e-08
0.029804 -0.00013805 0.076004 0.99993 -0.0044809 -0.011062 7.3493e-08
0.029687 -0.00013524 0.075891 0.99993 -0.0045893 -0.010575 7.3209e-08
0.029595 -8.947e-05 0.075888 0.99994 -0.0045966 -0.010255 7.3223e-08
0.029808 -0.00030848 0.076102 0.99993 -0.00080594 -0.011472 7.3756e-08
0.059384 -0.00039705 0.076137 0.99994 -0.0085201 -0.0071878 7.3307e-08
0.059048 -0.00056079 0.075939 0.99996 -0.0080029 -0.0026808 7.2718e-08
0.059158 -0.00056893 0.075936 0.99996 -0.0080554 -0.0034667 7.2802e-08
0.059239 -0.0005947 0.075976 0.99994 -0.0084346 -0.0062702 7.2998e-08
0.059164 -0.00058388 0.075835 0.99994 -0.0085231 -0.00668 7.2728e-08
0.05922 -0.00056913 0.075732 0.99994 -0.0085385 -0.0074244 7.2606e-08
0.05935 -0.00062782 0.075717 0.99991 -0.0083888 -0.010613 7.2277e-08
0.05938 -0.00053418 0.075697 0.9999 -0.0087989 -0.011413 7.2122e-08
0.059344 -0.00058898 0.076082 0.99994 -0.0078874 -0.0072401 7.2782e-08
0.059424 -0.00031665 0.076005 0.99992 -0.0088322 -0.0090859 7.2939e-08
-0.059728 -0.03055 0.076084 0.99964 0.0051365 -0.026305 7.3541e-08
-0.059743 -0.030566 0.0756 0.9996 0.0039137 -0.028025 7.252e-08
-0.059745 -0.030547 0.075649 0.9996 0.0039016 -0.028054 7.265e-08
-0.05974 -0.030559 0.075604 0.9996 0.0039892 -0.0281 7.2535e-08
-0.059743 -0.030566 0.0756 0.9996 0.0039137 -0.028025 7.252e-08
-0.059743 -0.030566 0.0756 0.9996 0.0039137 -0.028025 7.252e-08
-0.059845 -0.030458 0.075749 0.99961 0.0010548 -0.027846 7.2873e-08
-0.059641 -0.030706 0.075496 0.99956 0.0052068 -0.029217 7.2115e-08
-0.059743 -0.030566 0.0756 0.9996 0.0039137 -0.028025 7.252e-08
-0.059845 -0.030458 0.075749 0.99961 0.0010548 -0.027846 7.2873e-08
-0.030254 -0.030321 0.075153 0.99984 -0.0022046 -0.017659 7.2385e-08
-0.030468 -0.030508 0.075455 0.99987 -0.0025881 -0.015927 7.296e-08
-0.030475 -0.030392 0.075468 0.99989 -0.0012316 -0.015075 7.2907e-08
-0.030352 -0.030428 0.075408 0.99981 0.00046744 -0.019635 7.2863e-08
-0.030254 -0.030353 0.075122 0.99984 -0.0014994 -0.017836 7.2294e-08
-0.03043 -0.030361 0.075354 0.99985 -0.0010786 -0.017153 7.2901e-08
-0.030325 -0.030384 0.075241 0.99984 -2.0967e-05 -0.018137 7.2576e-08
-0.03043 -0.030359 0.075357 0.99985 -0.0012012 -0.017094 7.291e-08
-0.030429 -0.030356 0.075344 0.99986 -0.0013725 -0.01694 7.2887e-08
-0.030468 -0.030508 0.075455 0.99987 -0.0025881 -0.015927 7.296e-08
-0.00033594 -0.030295 0.075489 -0.005659 0.99984 -0.017045 7.3291e-08
-0.000169 -0.0302 0.075426 -0.0029591 0.99983 -0.018108 7.301e-08
-0.00033058 -0.030283 0.075515 -0.0057562 0.99983 -0.017427 7.3339e-08
-0.00033608 -0.030219 0.075571 -0.0056651 0.99983 -0.017798 7.3522e-08
-0.00031368 -0.030128 0.075535 -0.0045259 0.99981 -0.019074 7.3351e-08
-0.00034202 -0.030297 0.075543 -0.0052582 0.99984 -0.017014 7.3447e-08
-0.0004411 -0.030265 0.075441 -0.0087332 0.99981 -0.017327 7.3051e-08
-0.00029712 -0.030313 0.075548 -0.0055007 0.99984 -0.016917 7.3447e-08
-0.00029336 -0.030327 0.075493 -0.0060532 0.99984 -0.016856 7.326e-08
-0.00028984 -0.030343 0.075471 -0.0061139 0.99984 -0.016729 7.32e-08
0.029791 -0.030206 0.075774 0.9999 -0.0051709 -0.012962 7.3309e-08
0.02992 -0.030166 0.075949 0.99986 -0.0072784 -0.015367 7.3579e-08
0.029815 -0.030216 0.075721 0.9999 -0.0052376 -0.013234 7.3155e-08
0.029752 -0.030223 0.075679 0.99991 -0.0052232 -0.012475 7.3084e-08
0.029734 -0.030212 0.075745 0.99992 -0.004276 -0.012172 7.3282e-08
0.029748 -0.030169 0.075823 0.99991 -0.0044034 -0.0128 7.3467e-08
0.02976 -0.030178 0.07577 0.9999 -0.0054936 -0.012857 7.3311e-08
0.029813 -0.030227 0.075597 0.99987 -0.0075953 -0.014435 7.3e-08
0.029791 -0.030184 0.075782 0.9999 -0.0054741 -0.01285 7.3347e-08
0.02989 -0.03025 0.075628 0.99986 -0.0074307 -0.01517 7.3052e-08
0.059358 -0.030083 0.075765 0.99993 -0.0078265 -0.0091154 7.2746e-08
0.059352 -0.030272 0.075736 0.99997 -0.000921 -0.0070443 7.241e-08
0.059339 -0.030164 0.075921 0.99993 -0.0071301 -0.0097594 7.2947e-08
0.059244 -0.030255 0.07549 0.99995 -0.0066057 -0.0071671 7.1914e-08
0.059154 -0.030315 0.075675 0.99996 -0.0058365 -0.0067902 7.2138e-08
0.059194 -0.030075 0.075875 0.99994 -0.0080203 -0.0073797 7.267e-08
0.059261 -0.030057 0.075837 0.99993 -0.0080375 -0.0081046 7.273e-08
0.059057 -0.029966 0.075885 0.99995 -0.0098899 -0.0031431 7.2585e-08
0.059119 -0.030137 0.075807 0.99995 -0.009051 -0.0034064 7.2671e-08
0.059371 -0.030065 0.075786 0.99992 -0.0079708 -0.0094123 7.2793e-08
-0.059073 -0.060167 0.075252 0.99936 0.007634 -0.034926 7.1704e-08
-0.059181 -0.060551 0.075488 0.99941 0.0057617 -0.033998 7.2205e-08
-0.059195 -0.060191 0.07519 0.99944 0.0078544 -0.032475 7.1859e-08
-0.059602 -0.060758 0.075429 0.99963 0.011304 -0.024905 7.22e-08
-0.059413 -0.06081 0.075462 0.99956 0.011033 -0.027685 7.1943e-08
-0.059201 -0.061006 0.075529 0.99946 0.011033 -0.030962 7.2196e-08
-0.059609 -0.060843 0.07546 0.99963 0.01078 -0.02497 7.2264e-08
-0.0592 -0.060411 0.075324 0.99949 0.0081931 -0.030721 7.1843e-08
-0.059531 -0.060625 0.075518 0.99963 0.0059376 -0.026611 7.215e-08
-0.059518 -0.060622 0.075482 0.99963 0.0060723 -0.026613 7.2056e-08
-0.030093 -0.060209 0.074875 0.99986 -0.0097125 -0.01347 7.1494e-08
-0.030292 -0.06011 0.075112 0.99987 -0.011404 -0.01151 7.2275e-08
-0.030155 -0.060398 0.075074 0.99989 -0.0068692 -0.013518 7.2034e-08
-0.030127 -0.060139 0.075008 0.99983 -0.0073027 -0.016725 7.2269e-08
-0.030315 -0.060246 0.074983 0.9999 -0.0076859 -0.012069 7.2284e-08
-0.030134 -0.060238 0.075225 0.99982 -0.0094613 -0.016178 7.27e-08
-0.03011 -0.06025 0.075209 0.99982 -0.0097966 -0.016523 7.264e-08
-0.030283 -0.060176 0.074862 0.99987 -0.011509 -0.010867 7.1945e-08
-0.030015 -0.060207 0.075131 0.99977 -0.009255 -0.019293 7.2584e-08
-0.030031 -0.060332 0.07516 0.9998 -0.010874 -0.016928 7.2501e-08
-0.00032754 -0.059628 0.076333 -0.00098404 0.99968 -0.025305 7.3842e-08
-0.00035563 -0.059621 0.076312 -0.0011489 0.99967 -0.025481 7.3781e-08
-0.00051943 -0.059779 0.076504 -0.0011397 0.99975 -0.022524 7.4506e-08
-0.00051464 -0.059774 0.076398 -0.0011409 0.99978 -0.020898 7.4376e-08
-0.0005211 -0.059768 0.076433 -0.0010771 0.99976 -0.021668 7.4406e-08
-0.00045405 -0.059812 0.076488 -0.00080595 0.99976 -0.021895 7.4515e-08
-0.00049694 -0.059776 0.076442 -0.00089724 0.99977 -0.02128 7.4434e-08
-0.00036159 -0.059729 0.076109 -0.00034549 0.99974 -0.022939 7.3563e-08
-0.00029499 -0.059631 0.076396 -0.00095725 0.99968 -0.025081 7.3996e-08
-0.00029499 -0.059631 0.076396 -0.00095725 0.99968 -0.025081 7.3996e-08
0.029881 -0.060074 0.07522 0.9998 -0.012759 -0.015406 7.1908e-08
0.029881 -0.060074 0.07522 0.9998 -0.012759 -0.015406 7.1908e-08
0.029879 -0.060074 0.075218 0.9998 -0.012717 -0.015377 7.19e-08
0.029871 -0.060086 0.075225 0.9998 -0.012636 -0.015215 7.1929e-08
0.029846 -0.060079 0.075222 0.9998 -0.012717 -0.015127 7.1934e-08
0.029826 -0.060071 0.075178 0.99981 -0.012691 -0.015052 7.1814e-08
0.029831 -0.060076 0.075187 0.99981 -0.012415 -0.014928 7.1821e-08
0.029756 -0.06008 0.075497 0.99978 -0.013516 -0.01594 7.2496e-08
0.029728 -0.060072 0.075313 0.99983 -0.012511 -0.013188 7.2228e-08
0.029847 -0.060064 0.075179 0.99981 -0.012599 -0.015179 7.1788e-08
0.059521 -0.060396 0.076395 0.99974 -0.019906 -0.010928 7.4002e-08
0.059045 -0.060316 0.076247 0.99985 -0.017097 -0.0023067 7.3697e-08
0.059513 -0.060392 0.07632 0.99975 -0.019799 -0.010643 7.3813e-08
0.059552 -0.060361 0.076461 0.99972 -0.020095 -0.012382 7.4149e-08
0.05908 -0.060369 0.076366 0.99985 -0.016834 -0.0033592 7.4002e-08
0.059188 -0.060255 0.076465 0.99983 -0.017415 -0.006817 7.3863e-08
0.058926 -0.060244 0.076302 0.99985 -0.017269 -0.00086155 7.3578e-08
0.059433 -0.060496 0.0761 0.9998 -0.018341 -0.0082767 7.3183e-08
0.059493 -0.060438 0.076006 0.99978 -0.018615 -0.009564 7.292e-08
0.059433 -0.060496 0.0761 0.9998 -0.018341 -0.0082767 7.3183e-08
