-0.059423 0.059353 0.076404 0.99729 0.050437 -0.05364 9.8773e-08
-0.059451 0.059418 0.076438 0.99737 0.050043 -0.05249 9.8875e-08
-0.059294 0.059405 0.076432 0.99722 0.050252 -0.054975 9.8482e-08
-0.059217 0.059429 0.076482 0.99709 0.050515 -0.057097 9.8664e-08
-0.059208 0.059584 0.076506 0.99731 0.046809 -0.056465 9.8789e-08
-0.059338 0.059225 0.076459 0.99716 0.049941 -0.056417 9.8772e-08
-0.059323 0.059303 0.076632 0.99714 0.049757 -0.056833 9.9419e-08
-0.059464 0.059395 0.076622 0.99733 0.048424 -0.054675 9.9711e-08
-0.059374 0.059512 0.076251 0.99731 0.048543 -0.054952 9.8249e-08
-0.05947 0.059273 0.076436 0.9973 0.049514 -0.0543 9.9027e-08
-0.02998 0.059801 0.076024 0.99806 0.043453 -0.044605 9.9589e-08
-0.029867 0.059698 0.075865 0.99808 0.042378 -0.045259 9.8997e-08
-0.029862 0.059743 0.075871 0.99804 0.042971 -0.04541 9.9024e-08
-0.029864 0.059739 0.075858 0.99806 0.042527 -0.045508 9.8982e-08
-0.029863 0.059743 0.075858 0.99805 0.042619 -0.045527 9.898e-08
-0.029882 0.059737 0.0759 0.99809 0.04253 -0.044884 9.9048e-08
-0.029962 0.05977 0.07592 0.99816 0.043081 -0.042624 9.9132e-08
-0.029976 0.059826 0.076025 0.99804 0.04374 -0.044734 9.9603e-08
-0.029976 0.059826 0.076025 0.99804 0.04374 -0.044734 9.9603e-08
-0.030084 0.059854 0.076061 0.99817 0.043693 -0.041749 9.9715e-08
-0.00056034 0.060193 0.075278 -0.045093 0.99768 -0.051098 9.8528e-08
-0.00058434 0.060191 0.075319 -0.044579 0.99769 -0.051269 9.8665e-08
-0.00061646 0.060221 0.075306 -0.04507 0.99765 -0.051648 9.8653e-08
-0.00058641 0.060217 0.075309 -0.044499 0.99768 -0.051576 9.8654e-08
-0.00061846 0.060231 0.075341 -0.044988 0.99764 -0.051898 9.8781e-08
-0.0005885 0.060254 0.075357 -0.044546 0.99762 -0.052685 9.8908e-08
-0.00059242 0.060358 0.075257 -0.044623 0.99755 -0.053935 9.8892e-08
-0.00058273 0.060279 0.075415 -0.044621 0.99758 -0.053335 9.9092e-08
-0.0005286 0.060185 0.075271 -0.044108 0.99774 -0.05065 9.8559e-08
-0.00051028 0.060182 0.075257 -0.044189 0.99773 -0.050732 9.8496e-08
0.030119 0.059814 0.076269 0.99792 0.043271 -0.047854 1.0083e-07
0.029936 0.059943 0.076188 0.99795 0.044728 -0.045881 1.005e-07
0.02998 0.059666 0.076174 0.99799 0.042164 -0.047412 1.006e-07
0.02998 0.059666 0.076174 0.99799 0.042164 -0.047412 1.006e-07
0.029998 0.059493 0.076041 0.99787 0.044773 -0.047509 1.001e-07
0.02998 0.059666 0.076174 0.99799 0.042164 -0.047412 1.006e-07
0.029953 0.059516 0.076103 0.9979 0.044688 -0.046815 1.0037e-07
0.03011 0.059566 0.07588 0.99778 0.046168 -0.047969 9.9351e-08
0.030056 0.059494 0.076056 0.99791 0.044297 -0.047054 1.0012e-07
0.030124 0.059614 0.076036 0.99794 0.042052 -0.048545 9.9961e-08
0.05921 0.059233 0.075419 0.99848 0.032561 -0.044489 9.6806e-08
0.05905 0.059548 0.075375 0.99866 0.030689 -0.041573 9.6698e-08
0.05908 0.059692 0.075572 0.99864 0.029976 -0.042689 9.7359e-08
0.059223 0.059758 0.075514 0.99858 0.028982 -0.044605 9.7457e-08
0.05937 0.059636 0.075499 0.99845 0.029322 -0.047359 9.7291e-08
0.059368 0.059636 0.075486 0.99845 0.029295 -0.047312 9.7242e-08
0.059343 0.05945 0.075313 0.99847 0.030311 -0.046249 9.6693e-08
0.059378 0.059521 0.075345 0.99848 0.028892 -0.046964 9.6821e-08
0.059262 0.059489 0.075514 0.99852 0.029169 -0.045863 9.7108e-08
0.059491 0.059543 0.075625 0.99831 0.027766 -0.051086 9.7852e-08
-0.059283 0.029464 0.076478 0.99735 0.030232 -0.06614 1.0002e-07
-0.059156 0.029357 0.076539 0.99722 0.030424 -0.067987 9.9929e-08
-0.05928 0.02947 0.076479 0.99735 0.030285 -0.066205 1.0002e-07
-0.05928 0.02947 0.076479 0.99735 0.030285 -0.066205 1.0002e-07
-0.059332 0.029487 0.076612 0.99738 0.028855 -0.06631 1.0036e-07
-0.059404 0.029387 0.076377 0.99744 0.028815 -0.065472 9.9651e-08
-0.059352 0.029376 0.076314 0.99738 0.028411 -0.066479 9.9452e-08
-0.059358 0.029321 0.076357 0.99744 0.030434 -0.064643 9.9622e-08
-0.059314 0.0293 0.076293 0.99739 0.030136 -0.065579 9.9431e-08
-0.059093 0.029299 0.076501 0.99715 0.030568 -0.068913 9.9807e-08
-0.03013 0.029778 0.075558 0.99831 0.031116 -0.049043 9.8937e-08
-0.030095 0.02971 0.075668 0.99838 0.031403 -0.047527 9.9303e-08
-0.029987 0.029719 0.075689 0.99813 0.035439 -0.049897 9.9099e-08
-0.02996 0.029648 0.075533 0.9981 0.033847 -0.051535 9.8802e-08
-0.030059 0.029674 0.075443 0.9981 0.03381 -0.051473 9.8449e-08
-0.029972 0.029634 0.075543 0.99811 0.03406 -0.051195 9.8852e-08
-0.029995 0.029751 0.075485 0.99822 0.032199 -0.050183 9.881e-08
-0.030124 0.029792 0.075446 0.99828 0.031634 -0.049344 9.8596e-08
-0.030086 0.029685 0.075489 0.99815 0.033404 -0.050886 9.857e-08
-0.030076 0.029689 0.07547 0.99812 0.03378 -0.051067 9.8503e-08
-0.00028498 0.029509 0.075705 -0.033901 0.99826 -0.048222 9.8426e-08
-0.00028945 0.029479 0.075717 -0.033981 0.99828 -0.047674 9.8511e-08
-0.00028316 0.029511 0.0757 -0.033917 0.99826 -0.048231 9.8409e-08
-0.00030527 0.029567 0.07588 -0.033948 0.99832 -0.046969 9.8817e-08
-0.00029883 0.02964 0.075811 -0.033372 0.99825 -0.048816 9.8768e-08
-0.00033597 0.029653 0.075827 -0.03405 0.9982 -0.049465 9.8854e-08
-0.00030155 0.029639 0.075821 -0.033815 0.99823 -0.04885 9.88e-08
-0.00033664 0.02965 0.075833 -0.034063 0.9982 -0.049366 9.8879e-08
-0.0003331 0.029649 0.075828 -0.034056 0.9982 -0.049371 9.886e-08
-0.00030695 0.029583 0.075763 -0.034535 0.99819 -0.049288 9.8691e-08
0.029752 0.029926 0.076158 0.99816 0.036479 -0.048501 1.0033e-07
0.029804 0.02992 0.076215 0.99811 0.036648 -0.049332 1.0045e-07
0.02984 0.030144 0.07618 0.99813 0.035575 -0.049621 1.0056e-07
0.02983 0.030033 0.076025 0.99825 0.032779 -0.049188 1.0008e-07
0.029861 0.030037 0.076071 0.9982 0.032827 -0.050106 1.0015e-07
0.029803 0.030016 0.075961 0.99825 0.033328 -0.04895 9.9876e-08
0.029812 0.030029 0.075972 0.99824 0.033057 -0.049223 9.9885e-08
0.029823 0.030065 0.076042 0.99823 0.032299 -0.049906 1.0006e-07
0.029795 0.029999 0.075926 0.99825 0.033666 -0.048598 9.9798e-08
0.029795 0.029999 0.075926 0.99825 0.033666 -0.048598 9.9798e-08
0.058907 0.029838 0.075624 0.99887 0.032295 -0.034749 9.7459e-08
0.059017 0.029682 0.075624 0.99891 0.030241 -0.035649 9.7605e-08
0.058987 0.029932 0.075806 0.99882 0.031697 -0.036876 9.7872e-08
0.058896 0.030023 0.076002 0.99889 0.03004 -0.036187 9.8604e-08
0.058897 0.030025 0.075993 0.99889 0.030327 -0.035974 9.8578e-08
0.05901 0.029932 0.076048 0.99891 0.027597 -0.037576 9.8752e-08
0.059014 0.029946 0.07598 0.99892 0.028103 -0.037127 9.8526e-08
0.059132 0.029761 0.07579 0.99883 0.029728 -0.038139 9.8023e-08
0.059029 0.02966 0.075633 0.9989 0.030247 -0.035859 9.7668e-08
0.058835 0.029832 0.075785 0.99894 0.031184 -0.033946 9.8235e-08
-0.059534 -0.00048417 0.076269 0.99691 0.038922 -0.068201 1.0012e-07
-0.059408 -0.00061967 0.076101 0.99674 0.039778 -0.070133 9.9386e-08
-0.059548 -0.00048855 0.076251 0.99692 0.03899 -0.068026 1.0007e-07
-0.059469 -0.00034722 0.076021 0.99686 0.039234 -0.068831 9.9218e-08
-0.059411 -0.00062136 0.076099 0.99676 0.039743 -0.069932 9.9381e-08
-0.05941 -0.00062221 0.0761 0.99676 0.03974 -0.069971 9.9386e-08
-0.059393 -0.00061497 0.076073 0.99679 0.039592 -0.069516 9.9322e-08
-0.05928 -0.0006406 0.076041 0.99665 0.040515 -0.071092 9.9264e-08
-0.059157 -0.00062034 0.075908 0.99641 0.04058 -0.074269 9.889e-08
-0.059431 -0.00046421 0.07595 0.99678 0.038835 -0.070095 9.9417e-08
-0.030085 -0.00033814 0.07533 0.99794 0.02697 -0.058137 9.8475e-08
-0.030102 -0.00017113 0.07534 0.99797 0.028222 -0.057036 9.8293e-08
-0.030101 -0.00019409 0.075333 0.99796 0.029121 -0.05688 9.8252e-08
-0.030093 -0.00025092 0.075324 0.99798 0.028087 -0.056908 9.8197e-08
-0.030079 -3.5912e-05 0.075455 0.99792 0.029476 -0.057297 9.8674e-08
-0.030104 -0.00023284 0.075367 0.9979 0.028945 -0.057962 9.8489e-08
-0.030052 -0.00021727 0.075296 0.99788 0.029328 -0.05818 9.823e-08
-0.030104 -0.00023284 0.075367 0.9979 0.028945 -0.057962 9.8489e-08
-0.030052 -0.00021727 0.075296 0.99788 0.029328 -0.05818 9.823e-08
-0.030062 -0.00024379 0.075298 0.99789 0.029259 -0.057973 9.8223e-08
-0.00031469 -0.00021246 0.076763 0.99854 0.03314 -0.042634 1.0211e-07
-0.00023689 -0.00015026 0.076702 0.99852 0.03187 -0.044115 1.0184e-07
-0.00025037 -0.00016046 0.076715 0.99853 0.032025 -0.043693 1.0189e-07
-0.00023034 -0.00011803 0.076675 0.99851 0.031758 -0.044409 1.0175e-07
-0.00021884 -0.00010089 0.076667 0.9985 0.031807 -0.044631 1.0172e-07
-0.00017022 -0.00020763 0.076631 0.99842 0.033197 -0.045362 1.0157e-07
-0.00017022 -0.00020763 0.076631 0.99842 0.033197 -0.045362 1.0157e-07
-0.00017022 -0.00020763 0.076631 0.99842 0.033197 -0.045362 1.0157e-07
-0.00022222 -9.9842e-05 0.076684 0.9985 0.032056 -0.044455 1.0177e-07
-0.00023291 -9.6319e-05 0.076686 0.99851 0.031997 -0.04422 1.0179e-07
0.029959 -0.00021997 0.075872 0.99824 0.032462 -0.049678 9.9793e-08
0.029756 -0.00010489 0.075985 0.9984 0.029581 -0.048094 1.0026e-07
0.029776 -0.00010155 0.07594 0.99838 0.029582 -0.048625 1.0012e-07
0.029773 -0.00010207 0.075947 0.99838 0.029574 -0.048531 1.0014e-07
0.02967 -0.00011798 0.076066 0.99854 0.029672 -0.045129 1.0028e-07
0.029693 -0.00013137 0.076224 0.99848 0.02956 -0.046472 1.0069e-07
0.029694 -0.00012826 0.076217 0.99848 0.029551 -0.046496 1.0066e-07
0.029769 -0.00010436 0.076157 0.99837 0.029522 -0.048888 1.0061e-07
0.029695 -0.00012936 0.076217 0.99848 0.029568 -0.046523 1.0066e-07
0.029694 -0.00024528 0.076187 0.99841 0.031732 -0.046597 1.0057e-07
0.059208 -0.0002651 0.076244 0.99856 0.039116 -0.036643 9.9934e-08
0.059498 -0.00023471 0.076004 0.99835 0.040045 -0.04119 9.9093e-08
0.059211 -0.00025256 0.076221 0.99856 0.03903 -0.036825 9.9861e-08
0.059134 -0.00031978 0.076261 0.99869 0.036064 -0.036253 9.9927e-08
0.059203 -0.00044846 0.075845 0.99864 0.03722 -0.036386 9.8758e-08
0.059289 -0.00039355 0.076119 0.99862 0.037636 -0.036533 9.9688e-08
0.059116 -0.00030709 0.076052 0.99874 0.036034 -0.03496 9.9434e-08
0.059169 -0.00033921 0.076072 0.99872 0.037284 -0.034126 9.9619e-08
0.059243 -0.00033464 0.076178 0.99866 0.037314 -0.035753 9.9841e-08
0.059328 -0.00041209 0.076268 0.99858 0.037782 -0.03755 1.001e-07
-0.059858 -0.030331 0.076031 0.99729 0.046397 -0.05713 1.0001e-07
-0.059858 -0.030331 0.076031 0.99729 0.046397 -0.05713 1.0001e-07
-0.059866 -0.030364 0.075933 0.99736 0.046936 -0.055418 9.9843e-08
-0.059866 -0.030364 0.075928 0.99736 0.04698 -0.055384 9.983e-08
-0.059901 -0.030327 0.076 0.9974 0.046046 -0.05538 1.0005e-07
-0.059902 -0.030328 0.076001 0.99741 0.046007 -0.055353 1.0005e-07
-0.059898 -0.030332 0.075987 0.9974 0.046073 -0.055402 1e-07
-0.059898 -0.030334 0.075997 0.99741 0.045939 -0.055411 1.0003e-07
-0.059876 -0.030316 0.076065 0.99732 0.045896 -0.057061 1.0012e-07
-0.05986 -0.030337 0.076032 0.99729 0.046322 -0.057078 1.0001e-07
-0.030304 -0.030225 0.075287 0.99804 0.037198 -0.050363 9.9094e-08
-0.030348 -0.030232 0.075272 0.99805 0.037393 -0.049927 9.9055e-08
-0.030277 -0.030368 0.075462 0.99796 0.037807 -0.051355 9.9325e-08
-0.030261 -0.030233 0.075371 0.99795 0.037825 -0.051663 9.9285e-08
-0.030358 -0.030257 0.075288 0.99807 0.03734 -0.049659 9.9032e-08
-0.030194 -0.03023 0.075209 0.99805 0.036432 -0.050729 9.8728e-08
-0.030292 -0.030228 0.075247 0.99805 0.036956 -0.050206 9.8974e-08
-0.030278 -0.030267 0.07507 0.9981 0.036851 -0.049434 9.8303e-08
-0.03025 -0.030248 0.075146 0.99809 0.03667 -0.049747 9.8558e-08
-0.030268 -0.030327 0.075267 0.99817 0.035457 -0.048958 9.8793e-08
-0.00034306 -0.030227 0.07548 -0.042582 0.99805 -0.045737 9.9573e-08
-0.00040442 -0.030222 0.075472 -0.041628 0.99809 -0.045747 9.9547e-08
-0.00040063 -0.030226 0.075463 -0.041625 0.99809 -0.045719 9.9516e-08
-0.00040373 -0.030251 0.075432 -0.041621 0.9981 -0.045495 9.9397e-08
-0.00040063 -0.030226 0.075463 -0.041625 0.99809 -0.045719 9.9516e-08
-0.00038536 -0.03026 0.075469 -0.041661 0.99812 -0.044984 9.9515e-08
-0.00038976 -0.03022 0.075312 -0.041683 0.99804 -0.046781 9.9167e-08
-0.00040091 -0.03016 0.075532 -0.042077 0.99803 -0.046492 9.9746e-08
-0.00040948 -0.030213 0.075514 -0.042203 0.99808 -0.045408 9.9679e-08
-0.00038315 -0.030159 0.075542 -0.042226 0.99803 -0.046408 9.9803e-08
0.030055 -0.030195 0.075895 0.99842 0.029458 -0.047904 1.0018e-07
0.02996 -0.03023 0.075584 0.99842 0.028827 -0.048186 9.9112e-08
0.029927 -0.030195 0.075736 0.99846 0.029201 -0.047212 9.9594e-08
0.030005 -0.030206 0.075874 0.99843 0.029715 -0.047462 1.0004e-07
0.030014 -0.030237 0.075867 0.99842 0.029229 -0.047954 1.0005e-07
0.029955 -0.030231 0.075864 0.99838 0.029857 -0.048435 1.0016e-07
0.029986 -0.030213 0.075806 0.99837 0.029841 -0.048724 9.9947e-08
0.029904 -0.030244 0.075872 0.99841 0.02941 -0.048068 1.0027e-07
0.03002 -0.03021 0.075847 0.99838 0.029534 -0.048729 1.0009e-07
0.029897 -0.03022 0.075904 0.99838 0.030598 -0.04807 1.0037e-07
0.059216 -0.030233 0.075672 0.99891 0.022801 -0.040844 9.8259e-08
0.059257 -0.030185 0.075736 0.99888 0.02299 -0.041296 9.8535e-08
0.059223 -0.030247 0.075678 0.99889 0.023634 -0.040624 9.8334e-08
0.05904 -0.030216 0.075539 0.99902 0.022687 -0.037942 9.7741e-08
0.059257 -0.030181 0.075736 0.99888 0.022942 -0.041313 9.8536e-08
0.059213 -0.030106 0.075799 0.99888 0.02348 -0.040958 9.8542e-08
0.059346 -0.030094 0.075703 0.99883 0.023554 -0.042257 9.8491e-08
0.059353 -0.030042 0.075818 0.99883 0.022854 -0.042652 9.892e-08
0.0593 -0.030085 0.075654 0.99887 0.023099 -0.041617 9.8342e-08
0.059275 -0.030096 0.075609 0.99889 0.022639 -0.041304 9.8217e-08
-0.059194 -0.060179 0.075693 0.99708 0.035645 -0.067471 9.8882e-08
-0.059235 -0.060236 0.07568 0.99703 0.037126 -0.067548 9.8851e-08
-0.059166 -0.060177 0.075605 0.99704 0.035607 -0.068114 9.8553e-08
-0.059108 -0.06022 0.075708 0.99686 0.03742 -0.069823 9.859e-08
-0.059046 -0.060167 0.075658 0.9969 0.035792 -0.070062 9.84e-08
-0.059106 -0.060022 0.075649 0.9971 0.032677 -0.068726 9.849e-08
-0.059182 -0.060158 0.075612 0.99706 0.035715 -0.067788 9.8601e-08
-0.059344 -0.060205 0.075689 0.99743 0.033126 -0.063567 9.8932e-08
-0.059305 -0.060362 0.07571 0.99722 0.036832 -0.064743 9.8892e-08
-0.059231 -0.060293 0.07544 0.99706 0.036852 -0.067152 9.8011e-08
-0.030203 -0.060129 0.075271 0.99804 0.039511 -0.048444 9.8956e-08
-0.030204 -0.060131 0.075271 0.99805 0.039486 -0.048424 9.8953e-08
-0.030193 -0.06012 0.075271 0.99803 0.0396 -0.048648 9.8951e-08
-0.030173 -0.060215 0.075262 0.99809 0.037958 -0.048745 9.8852e-08
-0.030076 -0.060208 0.07514 0.99806 0.038164 -0.049198 9.836e-08
-0.030161 -0.060156 0.074886 0.9981 0.039218 -0.047435 9.7545e-08
-0.030187 -0.060218 0.075262 0.99809 0.038226 -0.048499 9.8864e-08
-0.030173 -0.059944 0.075176 0.99807 0.038021 -0.049 9.8611e-08
-0.030146 -0.059902 0.074874 0.9981 0.038116 -0.048487 9.747e-08
-0.030183 -0.060214 0.075276 0.99809 0.038227 -0.048556 9.891e-08
-0.00044187 -0.05961 0.076411 -0.039993 0.99747 -0.058707 1.0102e-07
-0.00042722 -0.059627 0.076453 -0.040059 0.9975 -0.05819 1.0112e-07
-0.00048897 -0.059562 0.076528 -0.03704 0.99758 -0.058875 1.0122e-07
-0.00044514 -0.05964 0.076483 -0.038356 0.99758 -0.058009 1.0122e-07
-0.00043251 -0.059591 0.076572 -0.038777 0.99737 -0.061204 1.0127e-07
-0.00040649 -0.059619 0.076504 -0.038846 0.99737 -0.061182 1.0106e-07
-0.00042739 -0.059642 0.076347 -0.038986 0.99742 -0.060274 1.0082e-07
-0.00036551 -0.059598 0.076522 -0.04089 0.99727 -0.061464 1.0114e-07
-0.00051416 -0.059547 0.076395 -0.039111 0.99724 -0.063127 1.0072e-07
-0.00043535 -0.059609 0.076294 -0.041095 0.99727 -0.061409 1.0053e-07
0.029727 -0.060111 0.07534 0.99842 0.023949 -0.050874 9.8518e-08
0.029786 -0.060124 0.075409 0.99841 0.023797 -0.051084 9.8756e-08
0.029754 -0.06 0.075244 0.99837 0.025285 -0.051263 9.8171e-08
0.029811 -0.059952 0.075306 0.9984 0.023869 -0.051326 9.8415e-08
0.029754 -0.06 0.075244 0.99837 0.025285 -0.051263 9.8171e-08
0.029855 -0.059976 0.075259 0.99829 0.025297 -0.05275 9.8096e-08
0.029961 -0.05988 0.075181 0.99828 0.024204 -0.053471 9.779e-08
0.029814 -0.060063 0.075205 0.99833 0.023991 -0.052626 9.7897e-08
0.029821 -0.060099 0.07535 0.99835 0.023954 -0.052204 9.8448e-08
0.029727 -0.060111 0.075347 0.99842 0.023913 -0.050891 9.8546e-08
0.05912 -0.060294 0.075966 0.99876 0.029076 -0.040392 9.8952e-08
0.059194 -0.060139 0.075825 0.99884 0.025764 -0.040668 9.8621e-08
0.059057 -0.059915 0.075888 0.99885 0.026685 -0.039933 9.8422e-08
0.059198 -0.059998 0.075832 0.99871 0.027448 -0.042746 9.8094e-08
0.059069 -0.060171 0.075843 0.99881 0.028633 -0.039507 9.8276e-08
0.059161 -0.060257 0.075842 0.99875 0.029028 -0.040682 9.8489e-08
0.05907 -0.060304 0.075861 0.99883 0.02931 -0.038563 9.8624e-08
0.059316 -0.060298 0.075818 0.99873 0.027222 -0.042388 9.8384e-08
0.058907 -0.059958 0.075806 0.99897 0.027157 -0.03632 9.8173e-08
0.059137 -0.059957 0.075728 0.9989 0.024983 -0.039627 9.7859e-08
