-0.058 0.058992 0.076 0.99992 -0.012395 1.5851e-07 7.6514e-08
-0.057904 0.059075 0.076 0.99992 -0.012288 1.336e-07 7.6784e-08
-0.057907 0.059118 0.076 0.99992 -0.012794 1.4092e-07 7.6731e-08
-0.057993 0.059337 0.076 0.99985 -0.017603 1.4787e-07 7.6999e-08
-0.057967 0.059149 0.076 0.99992 -0.012586 1.4803e-07 7.7016e-08
-0.058063 0.058992 0.076 0.99993 -0.012077 1.6741e-07 7.6832e-08
-0.057974 0.059192 0.076 0.99991 -0.013248 1.5505e-07 7.6974e-08
-0.05794 0.05923 0.076 0.9999 -0.014075 1.5769e-07 7.699e-08
-0.057888 0.059114 0.076 0.99992 -0.012657 1.387e-07 7.6802e-08
-0.057844 0.059126 0.076 0.99991 -0.013332 1.3862e-07 7.681e-08
-0.027791 0.059263 0.076001 0.99916 -0.040884 5.6962e-07 7.889e-08
-0.027867 0.059353 0.076001 0.99924 -0.039078 5.4268e-07 7.9066e-08
-0.027769 0.059499 0.076001 0.99932 -0.036817 5.7938e-07 7.8797e-08
-0.027781 0.059265 0.076001 0.99917 -0.040628 5.6208e-07 7.8924e-08
-0.02778 0.059267 0.076001 0.99918 -0.040578 5.6225e-07 7.8923e-08
-0.027759 0.059501 0.076001 0.99933 -0.036568 5.7186e-07 7.8832e-08
-0.027769 0.059499 0.076001 0.99932 -0.036817 5.7938e-07 7.8797e-08
-0.027769 0.059499 0.076001 0.99932 -0.036814 5.7924e-07 7.8798e-08
-0.027769 0.059499 0.076001 0.99932 -0.036814 5.7924e-07 7.8798e-08
-0.027769 0.059499 0.076001 0.99932 -0.036814 5.7924e-07 7.8798e-08
-0.00039446 0.061915 0.076001 0.0080543 0.99997 3.1999e-07 8.1602e-08
-0.00045332 0.061964 0.076001 0.009132 0.99996 2.8466e-07 8.1361e-08
-0.00044406 0.061916 0.076001 0.0086622 0.99996 3.1967e-07 8.1604e-08
-0.00044264 0.061916 0.076001 0.0085027 0.99996 3.1966e-07 8.1604e-08
-0.00044246 0.061916 0.076001 0.0084544 0.99996 3.1954e-07 8.1603e-08
-0.00045706 0.062037 0.076001 0.0074345 0.99997 3.3253e-07 8.161e-08
-0.0005041 0.062038 0.076001 0.0054106 0.99999 3.3229e-07 8.1614e-08
-0.00047666 0.061897 0.076001 0.007296 0.99997 3.1526e-07 8.1605e-08
-0.00054826 0.061901 0.076001 0.0040945 0.99999 3.1429e-07 8.1606e-08
-0.00033993 0.061904 0.076001 0.0047825 0.99999 3.1245e-07 8.1619e-08
0.031677 0.05939 0.076001 0.99961 -0.027786 4.9413e-07 7.7794e-08
0.031677 0.05939 0.076001 0.99961 -0.027786 4.9413e-07 7.7794e-08
0.031609 0.059482 0.076001 0.99958 -0.028895 4.9534e-07 7.7736e-08
0.031606 0.059481 0.076001 0.99958 -0.028961 4.958e-07 7.7739e-08
0.031463 0.059472 0.076001 0.99958 -0.029106 5.0198e-07 7.7781e-08
0.031605 0.059479 0.076001 0.99958 -0.028989 4.9572e-07 7.774e-08
0.031661 0.05946 0.076001 0.99958 -0.028971 4.9322e-07 7.7769e-08
0.031664 0.059462 0.076001 0.99958 -0.028874 4.9285e-07 7.7765e-08
0.031661 0.05946 0.076001 0.99958 -0.028971 4.9322e-07 7.7769e-08
0.031661 0.059461 0.076001 0.99958 -0.028943 4.9331e-07 7.7769e-08
0.061203 0.059161 0.076001 0.99983 -0.018348 3.7273e-07 7.9367e-08
0.061372 0.059024 0.076001 0.99983 -0.018329 3.5068e-07 7.914e-08
0.061317 0.059104 0.076001 0.9998 -0.019945 3.842e-07 7.9366e-08
0.061317 0.059095 0.076001 0.9998 -0.019901 3.8433e-07 7.937e-08
0.061315 0.059085 0.076001 0.9998 -0.020106 3.8429e-07 7.9372e-08
0.061318 0.059098 0.076001 0.9998 -0.019798 3.8455e-07 7.9369e-08
0.061316 0.059088 0.076001 0.9998 -0.019995 3.8451e-07 7.9371e-08
0.061316 0.059088 0.076001 0.9998 -0.019995 3.8451e-07 7.9371e-08
0.061316 0.059089 0.076001 0.9998 -0.019998 3.8452e-07 7.9371e-08
0.061319 0.058871 0.076001 0.99981 -0.01944 3.8343e-07 7.9447e-08
-0.057888 0.029385 0.076 0.99968 -0.025324 2.4317e-07 7.7174e-08
-0.057797 0.029329 0.076 0.99973 -0.023198 2.4843e-07 7.7197e-08
-0.057694 0.029247 0.076 0.99967 -0.025596 2.1296e-07 7.7501e-08
-0.05775 0.029294 0.076 0.99974 -0.022958 2.4296e-07 7.7287e-08
-0.057729 0.029353 0.076 0.99968 -0.025198 2.2313e-07 7.7423e-08
-0.057729 0.029353 0.076 0.99968 -0.025198 2.2313e-07 7.7423e-08
-0.057783 0.029356 0.076 0.99974 -0.022913 2.4785e-07 7.7239e-08
-0.057763 0.029315 0.076 0.99975 -0.02242 2.4909e-07 7.7256e-08
-0.057785 0.029269 0.076 0.99977 -0.021615 2.4907e-07 7.7228e-08
-0.057766 0.029343 0.076 0.99974 -0.022584 2.4856e-07 7.7244e-08
-0.02793 0.029474 0.076 0.99987 -0.015987 4.3492e-07 7.9374e-08
-0.02798 0.029472 0.076001 0.99987 -0.016285 4.3702e-07 7.9405e-08
-0.027978 0.029481 0.076001 0.99986 -0.016563 4.3358e-07 7.9381e-08
-0.027975 0.029482 0.076001 0.99986 -0.016534 4.3319e-07 7.938e-08
-0.028017 0.029472 0.076 0.99985 -0.017537 4.1969e-07 7.9506e-08
-0.027912 0.029582 0.076 0.99988 -0.015341 4.2796e-07 7.9369e-08
-0.027974 0.029466 0.076 0.99985 -0.01739 4.1795e-07 7.9481e-08
-0.027912 0.029582 0.076 0.99988 -0.015338 4.2797e-07 7.9369e-08
-0.027988 0.029483 0.076 0.99984 -0.01779 4.1764e-07 7.9533e-08
-0.027941 0.02947 0.076 0.99984 -0.017616 4.169e-07 7.952e-08
-0.00045856 0.031806 0.076001 0.00013852 1 6.4214e-07 7.7958e-08
-0.00035556 0.031892 0.076001 0.0021266 1 6.3328e-07 7.7879e-08
-0.00036699 0.03201 0.076001 0.00087724 1 6.5674e-07 7.815e-08
-0.00036029 0.032007 0.076001 0.0010857 1 6.5772e-07 7.8153e-08
-0.00050018 0.032005 0.076001 -0.00094614 1 6.5745e-07 7.8162e-08
-0.00031368 0.032015 0.076001 0.00074699 1 6.6011e-07 7.8136e-08
-0.00050167 0.032007 0.076001 -0.0011183 1 6.5849e-07 7.8173e-08
-0.00046063 0.032008 0.076001 -0.001483 1 6.5813e-07 7.8167e-08
-0.00040198 0.031871 0.076001 -5.0894e-05 1 6.2857e-07 7.7919e-08
-0.00051155 0.032028 0.076001 -0.0028495 1 6.5949e-07 7.8158e-08
0.031625 0.02977 0.076001 0.99996 -0.0090794 4.771e-07 7.8174e-08
0.031701 0.029815 0.076001 0.99996 -0.0087552 4.7611e-07 7.8199e-08
0.031679 0.029745 0.076001 0.99995 -0.0095161 4.7554e-07 7.8148e-08
0.031891 0.029747 0.076001 0.99995 -0.0098017 4.6085e-07 7.8023e-08
0.031737 0.029743 0.076001 0.99995 -0.010148 4.6771e-07 7.8061e-08
0.03175 0.029503 0.076001 0.99997 -0.0072146 4.7093e-07 7.8051e-08
0.0319 0.029508 0.076001 0.99998 -0.0069202 4.6397e-07 7.8011e-08
0.031983 0.029499 0.076001 0.99995 -0.010099 4.594e-07 7.829e-08
0.031983 0.029499 0.076001 0.99995 -0.010099 4.594e-07 7.829e-08
0.031902 0.029493 0.076001 0.99995 -0.0096846 4.6818e-07 7.8367e-08
0.061429 0.02957 0.076001 0.9999 -0.01423 4.0771e-07 7.978e-08
0.0615 0.029675 0.076001 0.99988 -0.015505 3.9165e-07 7.9655e-08
0.06156 0.029526 0.076001 0.99986 -0.016755 3.6818e-07 7.9409e-08
0.061558 0.02953 0.076001 0.99986 -0.016765 3.6832e-07 7.9414e-08
0.061558 0.02953 0.076001 0.99986 -0.016765 3.6832e-07 7.9414e-08
0.061671 0.029749 0.076001 0.9999 -0.014137 3.6697e-07 7.9584e-08
0.061734 0.029528 0.076001 0.99976 -0.02207 3.8241e-07 7.9566e-08
0.061735 0.029527 0.076001 0.99976 -0.022062 3.8224e-07 7.9563e-08
0.061649 0.029383 0.076001 0.99979 -0.02061 4.0239e-07 7.9664e-08
0.061649 0.029375 0.076001 0.99979 -0.020718 4.0269e-07 7.9662e-08
-0.057966 -0.00056053 0.076 0.99994 -0.011167 2.3204e-07 7.7526e-08
-0.057959 -0.00072289 0.076 0.99992 -0.012301 2.3385e-07 7.7508e-08
-0.057959 -0.00071129 0.076 0.99993 -0.012192 2.3403e-07 7.7506e-08
-0.057898 -0.00062008 0.076 0.99993 -0.011638 2.1039e-07 7.772e-08
-0.057894 -0.00069344 0.076 0.99993 -0.011817 2.0608e-07 7.7755e-08
-0.057861 -0.0008502 0.076 0.99989 -0.015115 2.0889e-07 7.7753e-08
-0.057917 -0.00076082 0.076 0.99987 -0.015834 1.9607e-07 7.7725e-08
-0.057893 -0.00069658 0.076 0.99996 -0.0088946 2.0766e-07 7.7688e-08
-0.057934 -0.00053741 0.076 0.99992 -0.012283 2.0173e-07 7.7699e-08
-0.057916 -0.00059873 0.076 0.99992 -0.012629 2.0127e-07 7.7735e-08
-0.027993 -0.0012319 0.076001 0.99971 -0.024065 6.2837e-07 7.9666e-08
-0.028093 -0.0011893 0.076 0.99972 -0.023552 5.9857e-07 7.9869e-08
-0.028091 -0.0011844 0.076 0.99972 -0.02349 5.985e-07 7.9867e-08
-0.027999 -0.001169 0.076001 0.99972 -0.023858 6.2689e-07 7.9668e-08
-0.0281 -0.001101 0.076 0.99973 -0.023388 5.9659e-07 7.9874e-08
-0.027995 -0.001137 0.076001 0.99972 -0.023767 6.264e-07 7.967e-08
-0.027963 -0.0012028 0.076 0.99972 -0.02387 6.2771e-07 7.9669e-08
-0.028086 -0.0011252 0.076 0.99973 -0.023448 5.9689e-07 7.9865e-08
-0.027991 -0.0011562 0.076001 0.99971 -0.024276 6.2707e-07 7.9657e-08
-0.027963 -0.0011589 0.076 0.9997 -0.024367 6.2684e-07 7.966e-08
0.001375 -0.001242 0.076001 0.99982 -0.018978 4.7989e-07 7.9872e-08
0.001375 -0.001242 0.076001 0.99982 -0.018978 4.7989e-07 7.9872e-08
0.00144 -0.001197 0.076001 0.99985 -0.017296 4.4612e-07 7.9602e-08
0.001375 -0.0013139 0.076001 0.99982 -0.01901 4.7777e-07 7.9865e-08
0.00144 -0.001197 0.076001 0.99985 -0.017296 4.4612e-07 7.9602e-08
0.0013714 -0.0012498 0.076001 0.9998 -0.019803 4.7889e-07 7.9871e-08
0.0013714 -0.0012414 0.076001 0.99981 -0.019732 4.789e-07 7.9871e-08
0.0014344 -0.0011622 0.076001 0.99986 -0.016887 4.4956e-07 7.9396e-08
0.0014068 -0.0011722 0.076001 0.99979 -0.020582 4.4656e-07 7.9394e-08
0.0014257 -0.00099757 0.076001 0.99987 -0.016318 4.5178e-07 7.9404e-08
0.031854 -0.001153 0.076001 0.99965 -0.026474 6.4047e-07 7.8253e-08
0.031854 -0.001153 0.076001 0.99965 -0.026474 6.4047e-07 7.8253e-08
0.031841 -0.0012588 0.076001 0.99964 -0.026781 6.3759e-07 7.8276e-08
0.031787 -0.0012446 0.076001 0.99962 -0.02748 6.4731e-07 7.8305e-08
0.031811 -0.0012338 0.076001 0.99962 -0.027691 6.4557e-07 7.8292e-08
0.031791 -0.0012528 0.076001 0.99959 -0.028534 6.4151e-07 7.83e-08
0.031803 -0.0011466 0.076001 0.9996 -0.028338 6.4441e-07 7.8277e-08
0.031799 -0.0012855 0.076001 0.9996 -0.028131 6.4585e-07 7.8304e-08
0.03185 -0.0012603 0.076001 0.99961 -0.027848 6.3925e-07 7.8266e-08
0.031799 -0.0012848 0.076001 0.9996 -0.028154 6.4587e-07 7.8304e-08
0.06149 -0.00055125 0.076001 0.99982 -0.019102 4.4011e-07 7.9317e-08
0.061296 -0.0013389 0.076001 0.99966 -0.02623 4.5365e-07 7.9577e-08
0.061415 -0.0015369 0.076001 0.9996 -0.028181 4.6852e-07 7.9586e-08
0.061296 -0.0013542 0.076001 0.99966 -0.026152 4.5404e-07 7.958e-08
0.061353 -0.0010441 0.076001 0.99976 -0.021922 4.2121e-07 7.932e-08
0.061362 -0.00035763 0.076001 0.99985 -0.017381 4.2516e-07 7.9323e-08
0.061363 -0.00028182 0.076001 0.99983 -0.018659 4.2694e-07 7.9328e-08
0.061314 -0.00074186 0.076001 0.99979 -0.020424 4.5963e-07 7.9576e-08
0.061294 -0.0013667 0.076001 0.99967 -0.025854 4.5416e-07 7.9587e-08
0.061293 -0.0013915 0.076001 0.99967 -0.025627 4.5383e-07 7.9586e-08
-0.058033 -0.029997 0.076 0.99995 -0.010355 2.3371e-07 7.8355e-08
-0.058177 -0.030052 0.076 0.99997 -0.0075256 2.1157e-07 7.8251e-08
-0.058176 -0.030056 0.076 0.99997 -0.0076039 2.1127e-07 7.8253e-08
-0.058179 -0.030059 0.076 0.99997 -0.0075519 2.1134e-07 7.8248e-08
-0.058222 -0.030025 0.076 0.99998 -0.0069273 2.1084e-07 7.8252e-08
-0.058183 -0.030069 0.076 0.99997 -0.0076783 2.1293e-07 7.8228e-08
-0.058226 -0.030035 0.076 0.99998 -0.0070705 2.1241e-07 7.823e-08
-0.058008 -0.030009 0.076 0.99994 -0.010645 2.3497e-07 7.8364e-08
-0.058008 -0.030028 0.076 0.99994 -0.011047 2.3423e-07 7.8344e-08
-0.058174 -0.030047 0.076 0.99996 -0.0086087 2.1203e-07 7.8233e-08
-0.028156 -0.030079 0.076001 0.99982 -0.018953 4.2591e-07 7.9704e-08
-0.02821 -0.029934 0.076 0.99987 -0.016302 4.1601e-07 7.9824e-08
-0.028286 -0.030099 0.076 0.9998 -0.020075 3.9124e-07 8.0036e-08
-0.02809 -0.029872 0.076001 0.99988 -0.015381 3.9685e-07 7.9777e-08
-0.028087 -0.029886 0.076001 0.99988 -0.015621 3.9519e-07 7.9793e-08
-0.028164 -0.030087 0.076 0.99978 -0.020883 3.8266e-07 8.0104e-08
-0.027963 -0.029997 0.076001 0.99984 -0.017658 4.0054e-07 7.9647e-08
-0.028083 -0.029895 0.076001 0.99987 -0.015867 3.9464e-07 7.9793e-08
-0.028093 -0.029929 0.076001 0.99985 -0.017092 4.0698e-07 7.991e-08
-0.028106 -0.030201 0.076 0.99974 -0.02299 3.8968e-07 7.9994e-08
-0.00023219 -0.027841 0.076001 -0.014515 0.99989 6.1628e-07 8.0078e-08
-0.00018294 -0.027834 0.076001 -0.014546 0.99989 6.1163e-07 8.0104e-08
-0.00034015 -0.027829 0.076001 -0.012596 0.99992 6.1403e-07 8.0128e-08
-0.00030684 -0.027837 0.076001 -0.014807 0.99989 6.1725e-07 8.0082e-08
-0.00029822 -0.027832 0.076001 -0.014616 0.99989 6.1185e-07 8.0105e-08
-0.00030684 -0.027837 0.076001 -0.014807 0.99989 6.1725e-07 8.0082e-08
-0.00023552 -0.027839 0.076001 -0.014194 0.9999 6.1656e-07 8.0081e-08
-0.0002008 -0.027844 0.076001 -0.014506 0.99989 6.1722e-07 8.0071e-08
-0.00020965 -0.02784 0.076001 -0.014216 0.9999 6.1627e-07 8.0077e-08
-0.00023219 -0.027841 0.076001 -0.014515 0.99989 6.1628e-07 8.0078e-08
0.031623 -0.030316 0.076001 0.99983 -0.018167 4.217e-07 7.9111e-08
0.031589 -0.030307 0.076001 0.99983 -0.01818 4.2374e-07 7.9131e-08
0.031903 -0.030301 0.076001 0.99984 -0.01765 4.3177e-07 7.9367e-08
0.031744 -0.03027 0.076001 0.99985 -0.01737 4.1265e-07 7.9015e-08
0.031746 -0.030268 0.076001 0.99985 -0.017604 4.1421e-07 7.9027e-08
0.031744 -0.03027 0.076001 0.99985 -0.017363 4.127e-07 7.9013e-08
0.031757 -0.030269 0.076001 0.99985 -0.01731 4.1226e-07 7.902e-08
0.031864 -0.030336 0.076001 0.99989 -0.014518 4.2487e-07 7.913e-08
0.031721 -0.030256 0.076001 0.99985 -0.017478 4.1692e-07 7.9062e-08
0.031757 -0.03027 0.076001 0.99985 -0.017265 4.125e-07 7.9023e-08
0.061476 -0.030443 0.076001 0.99968 -0.025283 3.1618e-07 8.0209e-08
0.061535 -0.030373 0.076001 0.99974 -0.022657 3.1827e-07 8.0195e-08
0.061477 -0.030443 0.076001 0.99968 -0.0253 3.1578e-07 8.0206e-08
0.061476 -0.030442 0.076001 0.99968 -0.025274 3.163e-07 8.021e-08
0.061402 -0.030276 0.076001 0.99971 -0.023986 3.2533e-07 8.0021e-08
0.061403 -0.030273 0.076001 0.99971 -0.024096 3.2512e-07 8.0025e-08
0.061409 -0.03027 0.076001 0.99971 -0.023989 3.247e-07 8.0013e-08
0.06141 -0.030272 0.076001 0.99971 -0.024031 3.2412e-07 8.0008e-08
0.061409 -0.030271 0.076001 0.99971 -0.024008 3.2463e-07 8.0012e-08
0.061546 -0.030375 0.076001 0.99974 -0.022628 3.1747e-07 8.0179e-08
-0.05821 -0.060455 0.076 0.99997 -0.0079087 1.7948e-07 7.7812e-08
-0.05821 -0.060462 0.076 0.99997 -0.0079843 1.7927e-07 7.781e-08
-0.058217 -0.060467 0.076 0.99997 -0.0071977 1.8063e-07 7.7807e-08
-0.05821 -0.060456 0.076 0.99997 -0.0078655 1.7947e-07 7.7811e-08
-0.058216 -0.06046 0.076 0.99997 -0.0071259 1.8083e-07 7.7809e-08
-0.05828 -0.060608 0.076 0.99997 -0.0080987 1.9172e-07 7.8089e-08
-0.05828 -0.060607 0.076 0.99997 -0.0081021 1.9167e-07 7.8089e-08
-0.058282 -0.060605 0.076 0.99997 -0.0080765 1.9274e-07 7.8081e-08
-0.058282 -0.060605 0.076 0.99997 -0.0080765 1.9274e-07 7.8081e-08
-0.058211 -0.060437 0.076 0.99997 -0.0078027 1.7982e-07 7.7818e-08
-0.028166 -0.059955 0.076 0.99999 0.0049385 5.0425e-07 8.0075e-08
-0.02816 -0.059956 0.076 0.99999 0.004766 5.0338e-07 8.0081e-08
-0.028167 -0.059964 0.076 0.99999 0.004854 5.0454e-07 8.0069e-08
-0.028167 -0.059964 0.076 0.99999 0.004854 5.0454e-07 8.0069e-08
-0.028166 -0.059963 0.076 0.99999 0.0048116 5.0453e-07 8.007e-08
-0.028166 -0.059954 0.076 0.99999 0.0047549 5.0474e-07 8.0075e-08
-0.028165 -0.059955 0.076 0.99999 0.004733 5.0476e-07 8.0075e-08
-0.028167 -0.059965 0.076 0.99999 0.0048417 5.0456e-07 8.0069e-08
-0.028167 -0.059965 0.076 0.99999 0.0048417 5.0456e-07 8.0069e-08
-0.028167 -0.059965 0.076 0.99999 0.0048417 5.0456e-07 8.0069e-08
-0.00021809 -0.057893 0.076 0.0088942 0.99996 2.0111e-07 7.7856e-08
-0.00023228 -0.05801 0.076 0.0089957 0.99996 2.1498e-07 7.7636e-08
-0.00012037 -0.05802 0.076 0.0088247 0.99996 2.2454e-07 7.7552e-08
-0.00011131 -0.058026 0.076 0.0089896 0.99996 2.2346e-07 7.7555e-08
-0.00011131 -0.058026 0.076 0.0089896 0.99996 2.2346e-07 7.7555e-08
-0.00021954 -0.0579 0.076 0.0090471 0.99996 2.0021e-07 7.7855e-08
-0.0001744 -0.058076 0.076 0.0078255 0.99997 2.0221e-07 7.7604e-08
-0.0001744 -0.058076 0.076 0.0078255 0.99997 2.0221e-07 7.7604e-08
-0.00017358 -0.058165 0.076 0.0072905 0.99997 2.1856e-07 7.784e-08
-0.00016853 -0.057946 0.076 0.0076961 0.99997 1.8985e-07 7.7829e-08
0.03183 -0.060209 0.076001 1 -0.0016454 5.1588e-07 7.9103e-08
0.031789 -0.06019 0.076001 1 -0.001235 5.2232e-07 7.9149e-08
0.031843 -0.059983 0.076001 0.99999 -0.0048068 5.2692e-07 7.9215e-08
0.031844 -0.059978 0.076001 0.99999 -0.0048441 5.2721e-07 7.9218e-08
0.031807 -0.05996 0.076001 0.99999 -0.0046129 5.3253e-07 7.9256e-08
0.031787 -0.060174 0.076001 1 -0.001356 5.2294e-07 7.9156e-08
0.031783 -0.060165 0.076001 1 -0.0012424 5.2283e-07 7.916e-08
0.031783 -0.060171 0.076001 1 -0.0012193 5.2265e-07 7.9157e-08
0.031783 -0.060165 0.076001 1 -0.0012424 5.2283e-07 7.916e-08
0.031783 -0.060165 0.076001 1 -0.001248 5.2282e-07 7.916e-08
0.06131 -0.060627 0.076001 0.99983 -0.018506 4.0981e-07 7.9525e-08
0.061308 -0.060742 0.076001 0.99983 -0.018261 4.093e-07 7.9486e-08
0.061308 -0.060743 0.076001 0.99983 -0.018286 4.0927e-07 7.9486e-08
0.061238 -0.060709 0.076001 0.99985 -0.017467 4.2834e-07 7.9204e-08
0.061238 -0.060713 0.076001 0.99985 -0.017498 4.2818e-07 7.9201e-08
0.061242 -0.060542 0.076001 0.99984 -0.017931 4.2921e-07 7.9261e-08
0.06124 -0.060665 0.076001 0.99984 -0.017644 4.2871e-07 7.9218e-08
0.061303 -0.060698 0.076001 0.99984 -0.018095 4.0748e-07 7.9499e-08
0.061308 -0.060736 0.076001 0.99983 -0.018271 4.0942e-07 7.9488e-08
0.061312 -0.060572 0.076001 0.99983 -0.018672 4.1037e-07 7.9546e-08
