-0.059263 0.059041 0.077263 0.99951 -0.016205 0.026735 8.0767e-08
-0.059471 0.059308 0.077738 0.99941 -0.014374 0.03131 8.2037e-08
-0.059472 0.059057 0.077431 0.9994 -0.015235 0.031138 8.1085e-08
-0.059484 0.059089 0.077285 0.99934 -0.020068 0.030332 8.07e-08
-0.059464 0.058932 0.077403 0.99935 -0.019403 0.030413 8.1036e-08
-0.059271 0.059034 0.077292 0.9995 -0.016442 0.026885 8.0852e-08
-0.059519 0.058863 0.077325 0.99937 -0.016699 0.031421 8.0885e-08
-0.059531 0.059185 0.077501 0.99931 -0.019318 0.031672 8.1306e-08
-0.059516 0.059106 0.07748 0.99937 -0.015163 0.031995 8.1226e-08
-0.05936 0.059321 0.0776 0.9994 -0.019323 0.028656 8.171e-08
-0.030577 0.059787 0.077157 0.99818 -0.021975 0.056174 8.2052e-08
-0.030579 0.059781 0.07716 0.99818 -0.022054 0.056192 8.2067e-08
-0.030579 0.059781 0.07716 0.99818 -0.022054 0.056192 8.2067e-08
-0.030507 0.05984 0.077206 0.99814 -0.022988 0.056403 8.2301e-08
-0.03059 0.059772 0.07717 0.99816 -0.022579 0.056254 8.2114e-08
-0.030387 0.059875 0.077498 0.99842 -0.021696 0.051903 8.283e-08
-0.030579 0.059781 0.07716 0.99818 -0.022054 0.056192 8.2067e-08
-0.03059 0.059772 0.07717 0.99816 -0.022579 0.056254 8.2114e-08
-0.030579 0.059781 0.07716 0.99818 -0.022054 0.056192 8.2067e-08
-0.030579 0.059781 0.07716 0.99818 -0.022054 0.056192 8.2067e-08
-0.00062941 0.060209 0.076643 0.0085489 0.99899 0.044007 8.1467e-08
-0.00062703 0.060208 0.076665 0.0085792 0.99899 0.044006 8.1529e-08
-0.0005704 0.060179 0.076566 0.0083162 0.99897 0.044664 8.1232e-08
-0.0005704 0.060179 0.076566 0.0083162 0.99897 0.044664 8.1232e-08
-0.00060997 0.060212 0.076597 0.0085558 0.99899 0.044026 8.1346e-08
-0.00055848 0.060187 0.076521 0.0083379 0.99897 0.044577 8.1114e-08
-0.00063854 0.060161 0.076523 0.008701 0.99903 0.043127 8.119e-08
-0.00060199 0.060177 0.076528 0.0088303 0.99908 0.042013 8.1252e-08
-0.00061531 0.060258 0.07666 0.0090159 0.99906 0.042431 8.1574e-08
-0.0006088 0.060255 0.076709 0.0089006 0.99906 0.042397 8.1699e-08
0.02976 0.059973 0.077449 0.99883 -0.01318 0.046473 8.2757e-08
0.02976 0.059973 0.077449 0.99883 -0.01318 0.046473 8.2757e-08
0.02976 0.059973 0.077449 0.99883 -0.01318 0.046473 8.2757e-08
0.029887 0.059941 0.077505 0.99896 -0.01276 0.043709 8.2654e-08
0.029784 0.059906 0.077614 0.99885 -0.012288 0.046331 8.276e-08
0.029901 0.05992 0.077494 0.99896 -0.012831 0.043783 8.2621e-08
0.029908 0.059992 0.07749 0.99898 -0.011454 0.043719 8.2589e-08
0.029882 0.059988 0.077519 0.99897 -0.011563 0.043908 8.2699e-08
0.02984 0.059925 0.077355 0.99885 -0.013472 0.046113 8.2439e-08
0.029808 0.059972 0.077601 0.99894 -0.012356 0.044258 8.2989e-08
0.059133 0.059576 0.077465 0.99869 -0.0067381 0.050815 8.1863e-08
0.05909 0.059466 0.077428 0.99864 -0.008632 0.051359 8.1762e-08
0.059133 0.059576 0.077465 0.99869 -0.0067381 0.050815 8.1863e-08
0.059275 0.059673 0.077713 0.9987 -0.0082824 0.050215 8.2519e-08
0.05909 0.059466 0.077428 0.99864 -0.008632 0.051359 8.1762e-08
0.05909 0.059466 0.077428 0.99864 -0.008632 0.051359 8.1762e-08
0.05927 0.059666 0.077703 0.9987 -0.008024 0.05037 8.2488e-08
0.05929 0.059708 0.077829 0.99873 -0.0084485 0.049689 8.2855e-08
0.059477 0.05987 0.07762 0.99888 -0.0091616 0.046465 8.2034e-08
0.059407 0.059779 0.077636 0.99894 -0.0070175 0.045417 8.2182e-08
-0.059155 0.029348 0.077239 0.99936 -0.015112 0.032545 8.1455e-08
-0.059542 0.029123 0.076981 0.9992 -0.013207 0.037726 8.079e-08
-0.059359 0.029188 0.077211 0.99922 -0.016471 0.03595 8.1342e-08
-0.059168 0.029351 0.077256 0.99935 -0.015445 0.032631 8.1496e-08
-0.059559 0.029333 0.077222 0.99922 -0.011775 0.037632 8.1821e-08
-0.059364 0.029452 0.077171 0.99926 -0.014298 0.035685 8.1543e-08
-0.059541 0.029313 0.077222 0.99923 -0.011531 0.037525 8.1782e-08
-0.059338 0.02918 0.077183 0.99923 -0.015692 0.036073 8.1219e-08
-0.059314 0.029226 0.077283 0.99934 -0.012108 0.034344 8.1588e-08
-0.059168 0.029357 0.077249 0.99935 -0.01537 0.03267 8.1474e-08
-0.030501 0.029688 0.076617 0.99857 -0.017988 0.050339 8.1225e-08
-0.030327 0.029713 0.076327 0.9986 -0.018475 0.049631 8.0449e-08
-0.030323 0.029701 0.07635 0.99861 -0.01861 0.049373 8.05e-08
-0.030333 0.029701 0.076341 0.99859 -0.018815 0.049564 8.0504e-08
-0.030332 0.029708 0.076327 0.9986 -0.018338 0.049662 8.0434e-08
-0.030299 0.029769 0.076686 0.99858 -0.018615 0.049872 8.1324e-08
-0.030294 0.02979 0.076703 0.99859 -0.01793 0.049927 8.1313e-08
-0.030366 0.029591 0.076453 0.9985 -0.020458 0.050862 8.065e-08
-0.030321 0.029709 0.076336 0.99861 -0.018043 0.049489 8.0425e-08
-0.030321 0.029709 0.076336 0.99861 -0.018043 0.049489 8.0425e-08
-0.00015319 0.029242 0.076804 0.012894 0.99822 0.058279 8.0787e-08
-0.00025461 0.029353 0.076783 0.015051 0.99823 0.057501 8.068e-08
-0.00030198 0.029163 0.076689 0.015521 0.99817 0.058389 8.0409e-08
-0.00030198 0.029163 0.076689 0.015521 0.99817 0.058389 8.0409e-08
-0.00026971 0.02917 0.076686 0.015225 0.99818 0.058366 8.0399e-08
-0.00026971 0.02917 0.076686 0.015225 0.99818 0.058366 8.0399e-08
-0.00031798 0.029442 0.076751 0.014351 0.99832 0.056209 8.051e-08
-0.00034432 0.02916 0.076714 0.014408 0.9982 0.058184 8.0482e-08
-0.00051899 0.029264 0.077051 0.015554 0.99818 0.058256 8.1634e-08
-0.00028486 0.029226 0.076708 0.014382 0.99833 0.056025 8.0546e-08
0.029596 0.029701 0.077519 0.99851 -0.011883 0.053213 8.2918e-08
0.029533 0.029698 0.077632 0.99853 -0.0080001 0.053542 8.2873e-08
0.029451 0.029889 0.0777 0.99847 -0.010395 0.0543 8.3132e-08
0.029589 0.029902 0.077632 0.99851 -0.011498 0.053329 8.2898e-08
0.029571 0.029905 0.077622 0.9985 -0.01138 0.053555 8.287e-08
0.029589 0.029902 0.077632 0.99851 -0.011498 0.053329 8.2898e-08
0.029595 0.029896 0.0776 0.99851 -0.011387 0.053294 8.2806e-08
0.029643 0.02977 0.077604 0.99858 -0.013112 0.05169 8.3024e-08
0.029538 0.029898 0.077522 0.99844 -0.011909 0.054459 8.2693e-08
0.02954 0.029907 0.077551 0.99845 -0.011905 0.054361 8.2758e-08
0.059086 0.029708 0.077405 0.99814 -0.015849 0.058865 8.184e-08
0.059181 0.029644 0.077441 0.99814 -0.017795 0.05823 8.1942e-08
0.05909 0.029713 0.077396 0.99814 -0.015882 0.058822 8.1814e-08
0.05909 0.029713 0.077396 0.99814 -0.015882 0.058822 8.1814e-08
0.059101 0.029729 0.077394 0.99815 -0.015911 0.058642 8.1793e-08
0.059083 0.029723 0.077374 0.99813 -0.015894 0.05895 8.1744e-08
0.058942 0.029706 0.077486 0.99787 -0.0181 0.06275 8.1867e-08
0.059106 0.029695 0.077384 0.99816 -0.015819 0.058528 8.1779e-08
0.058951 0.029691 0.077487 0.99787 -0.018064 0.06261 8.1892e-08
0.059092 0.029708 0.077388 0.99814 -0.015849 0.058803 8.1796e-08
-0.059473 -0.00040206 0.076756 0.99927 -0.010744 0.036538 8.0695e-08
-0.059473 -0.000407 0.076764 0.99928 -0.010769 0.036489 8.0716e-08
-0.059424 -0.00055905 0.076931 0.9992 -0.013694 0.03751 8.1259e-08
-0.059473 -0.000407 0.076764 0.99928 -0.010769 0.036489 8.0716e-08
-0.059548 -0.00059754 0.077084 0.99924 -0.011575 0.037295 8.1645e-08
-0.059407 -0.00039368 0.076938 0.99931 -0.010568 0.035541 8.0934e-08
-0.059552 -0.00059849 0.077098 0.99923 -0.01157 0.037426 8.1677e-08
-0.059552 -0.00059849 0.077098 0.99923 -0.01157 0.037426 8.1677e-08
-0.059552 -0.00059849 0.077098 0.99923 -0.01157 0.037426 8.1677e-08
-0.059632 -0.00037475 0.076774 0.99918 -0.010787 0.039009 8.0642e-08
-0.030505 -0.00025339 0.076535 0.99846 -0.016511 0.052978 8.0979e-08
-0.0305 -0.00024674 0.076529 0.99847 -0.016325 0.05292 8.0952e-08
-0.0305 -0.00024674 0.076529 0.99847 -0.016325 0.05292 8.0952e-08
-0.03053 -0.00016734 0.076539 0.99848 -0.013944 0.053229 8.1045e-08
-0.030417 -0.00012738 0.076237 0.99857 -0.015464 0.051145 8.0349e-08
-0.03053 -0.00016734 0.076539 0.99848 -0.013944 0.053229 8.1045e-08
-0.030505 -0.00025339 0.076535 0.99846 -0.016511 0.052978 8.0979e-08
-0.03044 -0.00019443 0.076456 0.99862 -0.013695 0.05063 8.0939e-08
-0.030509 -0.00027794 0.076529 0.99846 -0.016166 0.053007 8.0957e-08
-0.030438 -0.00028348 0.07649 0.99856 -0.016113 0.051116 8.0927e-08
-0.00040277 -0.00014401 0.077798 0.9985 -0.014649 0.052674 8.3612e-08
-0.00047922 -7.7525e-05 0.077773 0.99854 -0.014976 0.051963 8.3513e-08
-0.00043472 -0.00012443 0.077498 0.99848 -0.01395 0.053308 8.2811e-08
-0.00048034 -8.055e-05 0.077767 0.99854 -0.015044 0.05192 8.3499e-08
-0.00038471 -0.00022964 0.077704 0.9986 -0.015093 0.050749 8.3327e-08
-0.00046714 -5.9566e-05 0.077751 0.99855 -0.015025 0.051663 8.3438e-08
-0.00057308 -5.7101e-05 0.077577 0.99832 -0.014346 0.056199 8.2989e-08
-0.00057308 -5.7101e-05 0.077577 0.99832 -0.014346 0.056199 8.2989e-08
-0.00062942 -0.00016045 0.077825 0.99837 -0.014725 0.055087 8.3596e-08
-0.0004287 -3.8135e-05 0.077589 0.99842 -0.015674 0.053874 8.3087e-08
0.029502 -0.00045678 0.076986 0.99853 -0.01237 0.052682 8.159e-08
0.029459 -0.00033563 0.077218 0.99844 -0.014421 0.053864 8.2311e-08
0.029459 -0.00033563 0.077218 0.99844 -0.014421 0.053864 8.2311e-08
0.029486 -0.00035302 0.077187 0.99849 -0.014482 0.052925 8.2296e-08
0.029669 -0.00017533 0.07731 0.99861 -0.012401 0.051161 8.2745e-08
0.029679 -0.00017297 0.077285 0.99862 -0.012397 0.050946 8.2674e-08
0.029498 -0.00025507 0.077046 0.99848 -0.015335 0.052998 8.1744e-08
0.02953 -0.00031679 0.077051 0.99862 -0.0098675 0.051616 8.1936e-08
0.029494 -0.00026153 0.077428 0.99833 -0.01132 0.056594 8.2888e-08
0.029597 -0.00034849 0.077223 0.99848 -0.01403 0.053329 8.2307e-08
0.059167 -0.00038602 0.077243 0.99843 -0.019061 0.052725 8.1568e-08
0.059271 -0.00065631 0.077155 0.99843 -0.020164 0.052177 8.1774e-08
0.059143 -0.00036805 0.077159 0.99843 -0.019145 0.052625 8.1376e-08
0.059141 -0.00072833 0.076846 0.9984 -0.017965 0.05356 8.089e-08
0.059043 -0.00048532 0.077102 0.99826 -0.018978 0.055849 8.1427e-08
0.059084 -0.00053285 0.07735 0.99835 -0.018882 0.0542 8.1958e-08
0.059181 -0.00040813 0.077315 0.99849 -0.019038 0.051456 8.1764e-08
0.059209 -0.00040915 0.077331 0.99849 -0.018983 0.051596 8.1775e-08
0.059051 -0.00035151 0.077408 0.99834 -0.019472 0.054129 8.174e-08
0.059131 -0.00030184 0.077396 0.99843 -0.019465 0.052498 8.1646e-08
-0.060301 -0.030323 0.07742 0.99905 -0.012095 0.041844 8.3013e-08
-0.060029 -0.030398 0.077063 0.9992 -0.013582 0.037511 8.208e-08
-0.060029 -0.030398 0.077063 0.9992 -0.013582 0.037511 8.208e-08
-0.060027 -0.030401 0.077052 0.99921 -0.01348 0.037455 8.2049e-08
-0.060293 -0.030271 0.077469 0.99906 -0.013072 0.041422 8.3134e-08
-0.059997 -0.030269 0.077149 0.99918 -0.01641 0.037072 8.2315e-08
-0.060011 -0.030361 0.077078 0.99923 -0.013233 0.036963 8.2156e-08
-0.060194 -0.030401 0.077261 0.99912 -0.011087 0.040464 8.2489e-08
-0.059882 -0.030397 0.076955 0.99925 -0.014708 0.035786 8.1678e-08
-0.060193 -0.030422 0.077223 0.99911 -0.010449 0.040796 8.2417e-08
-0.030451 -0.030221 0.076452 0.9988 -0.013381 0.047012 8.0841e-08
-0.030437 -0.030298 0.076713 0.99874 -0.0098529 0.049223 8.1579e-08
-0.030336 -0.030263 0.076557 0.99884 -0.012439 0.046447 8.125e-08
-0.030342 -0.030108 0.076557 0.99891 -0.010902 0.045474 8.1446e-08
-0.030352 -0.030093 0.076546 0.9989 -0.010538 0.045604 8.141e-08
-0.030324 -0.0301 0.076555 0.99893 -0.010421 0.045027 8.1448e-08
-0.030386 -0.030303 0.076618 0.99883 -0.010714 0.047082 8.1559e-08
-0.030369 -0.030235 0.076622 0.99884 -0.012438 0.046518 8.1449e-08
-0.030328 -0.030227 0.076597 0.99887 -0.011951 0.046074 8.1384e-08
-0.030353 -0.030228 0.076586 0.99884 -0.012388 0.046638 8.1354e-08
-0.00019641 -0.030237 0.076481 0.0082751 0.99888 0.046635 8.1257e-08
-0.00025497 -0.030214 0.076486 0.0081762 0.99894 0.045289 8.1278e-08
-0.00018296 -0.030343 0.076469 0.0084871 0.99887 0.046848 8.1115e-08
-0.00019807 -0.030232 0.076486 0.0082987 0.99888 0.046556 8.1272e-08
-0.00019641 -0.030237 0.076481 0.0082751 0.99888 0.046635 8.1257e-08
-0.00019957 -0.030129 0.076658 0.0085655 0.99894 0.045118 8.1793e-08
-0.00025635 -0.030197 0.076509 0.0081618 0.99894 0.045203 8.1318e-08
-9.5114e-05 -0.030256 0.076605 0.0075496 0.99891 0.046007 8.1273e-08
-0.00012379 -0.030204 0.076438 0.007543 0.99904 0.043236 8.1024e-08
-0.00019641 -0.030237 0.076481 0.0082751 0.99888 0.046635 8.1257e-08
0.029668 -0.030391 0.077124 0.99879 -0.014271 0.047154 8.22e-08
0.029724 -0.030246 0.077036 0.99886 -0.013451 0.045798 8.2145e-08
0.029748 -0.030219 0.077086 0.99885 -0.013505 0.046044 8.2316e-08
0.0297 -0.030203 0.077047 0.9988 -0.014672 0.04668 8.2288e-08
0.02966 -0.030368 0.077028 0.99873 -0.013966 0.048396 8.202e-08
0.029707 -0.030377 0.077152 0.99879 -0.014782 0.047003 8.2305e-08
0.029534 -0.030428 0.077025 0.99864 -0.016912 0.049402 8.2271e-08
0.029601 -0.030444 0.077184 0.99872 -0.017204 0.04753 8.2617e-08
0.029787 -0.030325 0.077091 0.99887 -0.015404 0.044875 8.2493e-08
0.02956 -0.030433 0.077065 0.99867 -0.016975 0.048784 8.2351e-08
0.059552 -0.030505 0.077127 0.99884 -0.01563 0.045466 8.1765e-08
0.059578 -0.030476 0.077163 0.99886 -0.01563 0.045024 8.1913e-08
0.059362 -0.03056 0.077061 0.99871 -0.018212 0.0475 8.1597e-08
0.059404 -0.030319 0.077039 0.99881 -0.013741 0.046754 8.1604e-08
0.059265 -0.030499 0.077161 0.99861 -0.015417 0.050447 8.1634e-08
0.059567 -0.030487 0.077138 0.99885 -0.01556 0.045267 8.1854e-08
0.059566 -0.030483 0.077135 0.99885 -0.015581 0.045297 8.1852e-08
0.059581 -0.030462 0.077133 0.99886 -0.015737 0.045091 8.1861e-08
0.059411 -0.030336 0.077352 0.99873 -0.019241 0.046479 8.2549e-08
0.059689 -0.030299 0.077368 0.99894 -0.016462 0.042998 8.2588e-08
-0.059796 -0.060051 0.076738 0.99933 -0.0082546 0.035795 8.1198e-08
-0.059762 -0.060064 0.076712 0.99934 -0.0084221 0.035306 8.1075e-08
-0.059713 -0.060086 0.076597 0.99937 -0.0086409 0.034442 8.0698e-08
-0.059768 -0.060061 0.076729 0.99934 -0.008458 0.035413 8.1129e-08
-0.059768 -0.060061 0.076729 0.99934 -0.008458 0.035413 8.1129e-08
-0.059768 -0.060061 0.076729 0.99934 -0.008458 0.035413 8.1129e-08
-0.059763 -0.060062 0.076739 0.99934 -0.0084691 0.035308 8.1152e-08
-0.059754 -0.060088 0.076717 0.99934 -0.0086365 0.035258 8.107e-08
-0.0598 -0.060074 0.07674 0.99932 -0.0085366 0.035908 8.1197e-08
-0.059813 -0.060041 0.076783 0.99932 -0.0083691 0.03599 8.134e-08
-0.030294 -0.060125 0.076416 0.99895 -0.014037 0.043598 8.0654e-08
-0.03034 -0.060023 0.076557 0.99892 -0.015372 0.043872 8.1138e-08
-0.030392 -0.060022 0.076465 0.99882 -0.015024 0.046175 8.1066e-08
-0.030415 -0.06002 0.076492 0.99881 -0.014797 0.046465 8.117e-08
-0.030376 -0.06 0.076482 0.99884 -0.014727 0.045743 8.1087e-08
-0.030394 -0.060006 0.076495 0.99884 -0.014746 0.045854 8.1137e-08
-0.030308 -0.060024 0.076519 0.99892 -0.015481 0.043736 8.1023e-08
-0.030358 -0.06002 0.076434 0.99883 -0.015229 0.04582 8.0943e-08
-0.03036 -0.060009 0.076446 0.99885 -0.014987 0.045582 8.0968e-08
-0.030441 -0.059901 0.07647 0.99884 -0.012327 0.046619 8.1186e-08
-0.00022092 -0.059563 0.07706 0.007053 0.99948 0.0314 8.1475e-08
-0.00020318 -0.059615 0.07709 0.0074525 0.99942 0.033366 8.1678e-08
-0.0001461 -0.059569 0.077227 0.0055149 0.99943 0.033447 8.1977e-08
-0.0001886 -0.059615 0.077139 0.0075408 0.99941 0.033491 8.1801e-08
-0.0001886 -0.059615 0.077139 0.0075408 0.99941 0.033491 8.1801e-08
-0.00020318 -0.059615 0.07709 0.0074525 0.99942 0.033366 8.1678e-08
-0.00016873 -0.059538 0.077035 0.0050682 0.99948 0.031829 8.1403e-08
-4.8769e-05 -0.059552 0.0772 0.0056259 0.99946 0.032392 8.1872e-08
-0.00015163 -0.059526 0.077129 0.0046139 0.99948 0.031794 8.1649e-08
-0.00015163 -0.059526 0.077129 0.0046139 0.99948 0.031794 8.1649e-08
0.029673 -0.060185 0.076386 0.99906 -0.0090782 0.0425 8.0742e-08
0.029617 -0.060242 0.076325 0.99906 -0.0076857 0.042775 8.049e-08
0.029673 -0.060185 0.076386 0.99906 -0.0090782 0.0425 8.0742e-08
0.02952 -0.060205 0.076235 0.99902 -0.0071679 0.043778 8.0146e-08
0.02952 -0.060205 0.076235 0.99902 -0.0071679 0.043778 8.0146e-08
0.02952 -0.060205 0.076235 0.99902 -0.0071679 0.043778 8.0146e-08
0.029712 -0.060234 0.076178 0.99918 -0.0079385 0.039728 8.0031e-08
0.029723 -0.060192 0.076351 0.99922 -0.0083309 0.038576 8.0263e-08
0.029618 -0.060242 0.076323 0.99906 -0.0077214 0.042768 8.0485e-08
0.029617 -0.060242 0.076325 0.99906 -0.0076857 0.042775 8.049e-08
0.059316 -0.060508 0.077386 0.9988 -0.01417 0.046871 8.224e-08
0.059294 -0.060485 0.077298 0.99877 -0.014064 0.047463 8.1996e-08
0.059316 -0.060508 0.077386 0.9988 -0.01417 0.046871 8.224e-08
0.059262 -0.060364 0.077068 0.99871 -0.014319 0.048624 8.1361e-08
0.05926 -0.06036 0.077072 0.99871 -0.014354 0.048664 8.1371e-08
0.059316 -0.060509 0.077376 0.9988 -0.014139 0.046858 8.2213e-08
0.059255 -0.060449 0.077225 0.99873 -0.014051 0.048458 8.1809e-08
0.05923 -0.06042 0.07715 0.9987 -0.013997 0.049109 8.1599e-08
0.05923 -0.06042 0.07715 0.9987 -0.013997 0.049109 8.1599e-08
0.059115 -0.060011 0.07696 0.99855 -0.015495 0.051636 8.1066e-08
