-0.059515 0.059456 0.07771 0.9993 -0.021165 0.030811 8.2082e-08
-0.059509 0.059421 0.077345 0.99939 -0.018057 0.029905 8.0828e-08
-0.059353 0.059671 0.077593 0.99945 -0.018292 0.027676 8.1631e-08
-0.05953 0.059329 0.077566 0.99932 -0.020597 0.030725 8.1599e-08
-0.059489 0.059503 0.077327 0.99934 -0.019749 0.030404 8.0801e-08
-0.059644 0.059448 0.077708 0.99927 -0.022369 0.03112 8.1972e-08
-0.059512 0.059778 0.077422 0.99928 -0.023535 0.029889 8.0984e-08
-0.059454 0.059674 0.077645 0.99926 -0.025572 0.028836 8.1656e-08
-0.059541 0.059691 0.077432 0.99923 -0.023423 0.031318 8.1138e-08
-0.059482 0.059796 0.077368 0.99922 -0.024647 0.030947 8.0917e-08
-0.030525 0.059707 0.077227 0.9983 -0.022327 0.053774 8.2066e-08
-0.030525 0.059707 0.077227 0.9983 -0.022327 0.053774 8.2066e-08
-0.030536 0.059735 0.077222 0.99832 -0.021508 0.053824 8.2041e-08
-0.030525 0.059707 0.077227 0.9983 -0.022327 0.053774 8.2066e-08
-0.030511 0.059727 0.077203 0.99831 -0.021974 0.053728 8.1976e-08
-0.030525 0.059707 0.077227 0.9983 -0.022327 0.053774 8.2066e-08
-0.030304 0.059632 0.077194 0.99859 -0.021819 0.04842 8.1839e-08
-0.030317 0.059616 0.077208 0.99857 -0.022523 0.048481 8.1902e-08
-0.030318 0.059628 0.077198 0.99857 -0.022648 0.048497 8.1869e-08
-0.030317 0.059616 0.077208 0.99857 -0.022523 0.048481 8.1902e-08
-0.00084829 0.060253 0.076439 0.0073908 0.9992 0.039324 8.0716e-08
-0.00065507 0.060368 0.076461 0.007155 0.99926 0.037923 8.118e-08
-0.00065507 0.060368 0.076461 0.007155 0.99926 0.037923 8.118e-08
-0.00065852 0.060409 0.0765 0.0068205 0.99931 0.036574 8.1304e-08
-0.00057618 0.060363 0.076493 0.0068429 0.99925 0.038001 8.128e-08
-0.00061839 0.060376 0.076424 0.0074404 0.99925 0.038079 8.1081e-08
-0.00072815 0.060204 0.076456 0.0035734 0.99916 0.040707 8.1254e-08
-0.00065529 0.060012 0.076208 0.0054368 0.99911 0.041838 8.0562e-08
-0.00067954 0.060136 0.076258 0.0032735 0.99918 0.040378 8.0717e-08
-0.00068553 0.060192 0.076486 0.0035378 0.99922 0.039249 8.0929e-08
0.029742 0.059467 0.077282 0.99889 -0.011968 0.045538 8.1783e-08
0.02994 0.059503 0.077208 0.99887 -0.012942 0.045719 8.1667e-08
0.029899 0.059508 0.077455 0.99896 -0.011976 0.043894 8.2246e-08
0.029901 0.059595 0.077428 0.99896 -0.013277 0.043638 8.211e-08
0.029901 0.059595 0.077428 0.99896 -0.013277 0.043638 8.211e-08
0.029871 0.059605 0.077361 0.9989 -0.013739 0.044727 8.2031e-08
0.029944 0.0595 0.07726 0.99889 -0.01298 0.045194 8.1774e-08
0.029975 0.059566 0.077308 0.99894 -0.013885 0.043785 8.174e-08
0.029798 0.059539 0.077201 0.99893 -0.013257 0.044208 8.1407e-08
0.029798 0.059539 0.077201 0.99893 -0.013257 0.044208 8.1407e-08
0.059432 0.059223 0.077309 0.99899 -0.0011816 0.044869 8.1299e-08
0.059536 0.059465 0.077602 0.99897 -0.0053296 0.045044 8.2096e-08
0.059457 0.059467 0.077484 0.99901 -0.0037148 0.044382 8.1833e-08
0.059539 0.059463 0.077622 0.99897 -0.0056106 0.044946 8.2156e-08
0.059504 0.059419 0.077346 0.99892 -0.0063691 0.045923 8.1356e-08
0.059257 0.05959 0.077532 0.99884 -0.0037573 0.048027 8.2086e-08
0.059242 0.05953 0.077534 0.99883 -0.0032634 0.048314 8.2099e-08
0.059157 0.059308 0.077298 0.99875 -0.0020941 0.049955 8.1394e-08
0.059257 0.05959 0.077532 0.99884 -0.0037573 0.048027 8.2086e-08
0.059157 0.059308 0.077298 0.99875 -0.0020941 0.049955 8.1394e-08
-0.059579 0.029403 0.077548 0.99915 -0.016952 0.037571 8.1938e-08
-0.059575 0.029409 0.077529 0.99915 -0.016859 0.03753 8.1886e-08
-0.059579 0.029403 0.077548 0.99915 -0.016952 0.037571 8.1938e-08
-0.059579 0.0294 0.077554 0.99915 -0.017019 0.037546 8.1955e-08
-0.059586 0.029398 0.077552 0.99914 -0.017094 0.037664 8.195e-08
-0.059547 0.029475 0.077416 0.99898 -0.020734 0.040167 8.1743e-08
-0.059579 0.0294 0.077554 0.99915 -0.017019 0.037546 8.1955e-08
-0.059521 0.029463 0.07738 0.99914 -0.017788 0.037382 8.1505e-08
-0.059565 0.029424 0.077405 0.99917 -0.016542 0.037358 8.1557e-08
-0.05966 0.029401 0.077365 0.999 -0.018244 0.040866 8.1616e-08
-0.030458 0.029624 0.076585 0.99843 -0.019054 0.052758 8.0829e-08
-0.030463 0.029632 0.076582 0.99842 -0.018947 0.052928 8.0814e-08
-0.030407 0.029778 0.076431 0.99855 -0.015724 0.051506 8.0503e-08
-0.030283 0.029846 0.076421 0.99867 -0.018662 0.047998 8.0451e-08
-0.030407 0.029778 0.076431 0.99855 -0.015724 0.051506 8.0503e-08
-0.030397 0.029778 0.076416 0.99856 -0.01542 0.051478 8.0452e-08
-0.030359 0.029781 0.076633 0.99851 -0.019079 0.0511 8.0722e-08
-0.03038 0.029761 0.076673 0.99849 -0.019223 0.051411 8.0839e-08
-0.030372 0.02976 0.076672 0.9985 -0.019698 0.051102 8.0843e-08
-0.030381 0.029753 0.076702 0.99849 -0.019923 0.051105 8.0924e-08
-0.00045243 0.029478 0.076961 0.017206 0.99836 0.054613 8.0984e-08
-0.00043947 0.029381 0.077022 0.016698 0.99831 0.05567 8.124e-08
-0.00036899 0.029331 0.076955 0.014166 0.99837 0.05533 8.1009e-08
-0.00036899 0.029331 0.076955 0.014166 0.99837 0.05533 8.1009e-08
-0.00049938 0.029353 0.077027 0.016238 0.99833 0.055354 8.1284e-08
-0.00033894 0.029337 0.07695 0.013925 0.99837 0.055316 8.0991e-08
-0.00034549 0.029341 0.076951 0.013937 0.99838 0.055204 8.0988e-08
-0.00039945 0.029416 0.077079 0.017105 0.99845 0.05301 8.1512e-08
-0.00039945 0.029416 0.077079 0.017105 0.99845 0.05301 8.1512e-08
-0.00039945 0.029416 0.077079 0.017105 0.99845 0.05301 8.1512e-08
0.029492 0.029892 0.077346 0.99858 -0.011274 0.05198 8.2015e-08
0.029709 0.029633 0.077558 0.99877 -0.0099984 0.048579 8.2695e-08
0.02978 0.029919 0.077532 0.99879 -0.010404 0.048165 8.2892e-08
0.029528 0.029746 0.077217 0.99862 -0.01211 0.051185 8.1895e-08
0.029508 0.029745 0.077209 0.99859 -0.012226 0.051665 8.1918e-08
0.029515 0.029778 0.077234 0.9986 -0.012855 0.051275 8.1951e-08
0.029363 0.029781 0.077457 0.99859 -0.012585 0.051594 8.2612e-08
0.029351 0.029782 0.077456 0.99858 -0.012654 0.051728 8.2615e-08
0.029548 0.029807 0.077251 0.99863 -0.013092 0.050668 8.1939e-08
0.029551 0.029801 0.077261 0.99863 -0.013007 0.050631 8.1967e-08
0.059121 0.029426 0.077177 0.9983 -0.016064 0.056032 8.0981e-08
0.059112 0.029414 0.077143 0.99829 -0.01638 0.056088 8.0895e-08
0.059301 0.02963 0.077163 0.99843 -0.014982 0.054016 8.1173e-08
0.059209 0.029691 0.077247 0.99835 -0.015873 0.055189 8.1462e-08
0.059209 0.029721 0.077296 0.99835 -0.015525 0.055269 8.1582e-08
0.059209 0.029721 0.077296 0.99835 -0.015525 0.055269 8.1582e-08
0.059196 0.029707 0.077294 0.99834 -0.015886 0.055312 8.1584e-08
0.059221 0.029567 0.077193 0.99822 -0.01739 0.057073 8.1183e-08
0.059289 0.029599 0.077223 0.99842 -0.014666 0.054311 8.1349e-08
0.059195 0.029676 0.077397 0.99834 -0.015245 0.055613 8.1885e-08
-0.059244 -0.00049436 0.076711 0.99953 -0.0092972 0.029103 8.0036e-08
-0.059597 -0.00041423 0.076782 0.99934 -0.0093144 0.03518 8.0624e-08
-0.059699 -0.00058673 0.077067 0.99929 -0.010124 0.036258 8.1527e-08
-0.05958 -0.00047577 0.076641 0.99935 -0.0098707 0.034731 8.0251e-08
-0.059488 -0.00034819 0.076725 0.99944 -0.0094862 0.032064 8.0522e-08
-0.059488 -0.00034819 0.076725 0.99944 -0.0094862 0.032064 8.0522e-08
-0.059578 -0.00038688 0.07679 0.99938 -0.009486 0.034007 8.0566e-08
-0.059491 -0.00034148 0.076717 0.99944 -0.0094228 0.032139 8.0498e-08
-0.059451 -0.00041328 0.076477 0.99944 -0.0098088 0.03191 7.984e-08
-0.059425 -0.00040426 0.076791 0.99942 -0.0092342 0.032777 8.054e-08
-0.030303 -0.00027511 0.07631 0.99863 -0.018968 0.048679 8.0379e-08
-0.030411 -0.00016766 0.076271 0.99849 -0.020144 0.051121 8.0296e-08
-0.030395 -0.0001379 0.07627 0.99851 -0.020005 0.050846 8.0286e-08
-0.030405 -0.00015808 0.076461 0.99848 -0.01958 0.051524 8.0514e-08
-0.030473 -0.00012115 0.076562 0.99851 -0.018096 0.051476 8.0855e-08
-0.030505 -0.00018471 0.076535 0.99846 -0.017537 0.052635 8.0829e-08
-0.0305 -0.00015415 0.076548 0.99848 -0.017845 0.052157 8.0875e-08
-0.030476 -0.00012519 0.076559 0.99851 -0.017647 0.051567 8.0884e-08
-0.030484 -0.00013956 0.076569 0.99846 -0.019073 0.052023 8.0932e-08
-0.030362 -8.6012e-05 0.076558 0.99865 -0.018222 0.048741 8.0905e-08
-0.00042557 -0.00014303 0.077571 0.99858 -0.014042 0.051403 8.2924e-08
-0.00043455 -0.00013426 0.077473 0.9987 -0.014228 0.048932 8.2679e-08
-0.00041877 -0.00023344 0.077629 0.99866 -0.013857 0.049806 8.3061e-08
-0.000269 -0.00014957 0.07753 0.99877 -0.013584 0.047727 8.2675e-08
-0.00041877 -0.00023344 0.077629 0.99866 -0.013857 0.049806 8.3061e-08
-0.00041 -0.00047592 0.077638 0.99866 -0.013974 0.049856 8.3033e-08
-0.00046007 -0.0002612 0.077656 0.99866 -0.013719 0.049811 8.3181e-08
-0.00043963 -0.00021638 0.077632 0.99862 -0.013739 0.050765 8.3086e-08
-0.00041877 -0.00023344 0.077629 0.99866 -0.013857 0.049806 8.3061e-08
-0.00043963 -0.00021638 0.077632 0.99862 -0.013739 0.050765 8.3086e-08
0.029312 -0.00034763 0.076985 0.99855 -0.016313 0.051304 8.131e-08
0.029282 -0.00035962 0.077039 0.99851 -0.016244 0.052003 8.1468e-08
0.029343 -0.00050086 0.077076 0.99858 -0.014259 0.051314 8.1595e-08
0.02942 -0.0003572 0.076985 0.99855 -0.015955 0.051409 8.1255e-08
0.029381 -0.0003995 0.077068 0.99861 -0.012534 0.051223 8.1549e-08
0.029443 -0.00036964 0.076957 0.99855 -0.016184 0.051251 8.1165e-08
0.029414 -0.00037482 0.076908 0.99855 -0.016178 0.051357 8.1085e-08
0.029319 -0.00038633 0.076892 0.9985 -0.016189 0.052345 8.1028e-08
0.029438 -0.0003823 0.076874 0.99859 -0.016257 0.050586 8.1048e-08
0.029508 -0.000383 0.076842 0.99862 -0.016015 0.050093 8.0957e-08
0.059444 -0.00061009 0.07741 0.99862 -0.022362 0.047468 8.2033e-08
0.059617 -0.00046522 0.077386 0.99883 -0.022234 0.042996 8.1941e-08
0.059414 -0.00048735 0.077367 0.99871 -0.021998 0.045747 8.1997e-08
0.059235 -0.00038596 0.077235 0.99856 -0.021776 0.049119 8.1673e-08
0.059276 -0.00056304 0.077381 0.99852 -0.022609 0.049424 8.2102e-08
0.059193 -0.00046177 0.077164 0.99835 -0.023605 0.052296 8.1371e-08
0.059181 -0.00056504 0.077268 0.99835 -0.0237 0.052384 8.1694e-08
0.059399 -0.00058005 0.077395 0.99869 -0.021659 0.046463 8.2135e-08
0.059075 -0.00029393 0.077184 0.99854 -0.017627 0.051124 8.1537e-08
0.059267 -0.0004838 0.077322 0.99858 -0.021518 0.04874 8.1959e-08
-0.060223 -0.030259 0.076827 0.99908 -0.0053447 0.042454 8.1352e-08
-0.060109 -0.030351 0.077325 0.99916 -0.0035648 0.040839 8.2141e-08
-0.060092 -0.030523 0.077591 0.9991 -0.0064979 0.041895 8.3102e-08
-0.060092 -0.030523 0.077591 0.9991 -0.0064979 0.041895 8.3102e-08
-0.060095 -0.030527 0.077597 0.9991 -0.006624 0.042004 8.3117e-08
-0.060177 -0.030496 0.07745 0.99905 -0.0065391 0.043182 8.293e-08
-0.060104 -0.030557 0.077213 0.99914 -0.0073487 0.040703 8.2208e-08
-0.060155 -0.030304 0.077372 0.99915 -0.0031499 0.041052 8.2331e-08
-0.060137 -0.030524 0.077302 0.99913 -0.0078184 0.040968 8.2459e-08
-0.06014 -0.030436 0.077747 0.99908 -0.0072111 0.042167 8.3587e-08
-0.030439 -0.030304 0.076652 0.9989 -0.0119 0.045375 8.1069e-08
-0.030492 -0.03021 0.076701 0.99882 -0.012497 0.046972 8.1369e-08
-0.030366 -0.030226 0.076473 0.99882 -0.01317 0.046737 8.0731e-08
-0.030493 -0.03023 0.076707 0.99881 -0.012915 0.047079 8.1382e-08
-0.0305 -0.030222 0.076705 0.9988 -0.01282 0.047192 8.1372e-08
-0.030393 -0.030137 0.076493 0.9988 -0.015197 0.046584 8.0648e-08
-0.030556 -0.030216 0.076693 0.99876 -0.013667 0.047837 8.1305e-08
-0.030419 -0.030221 0.076457 0.99877 -0.014192 0.04747 8.0657e-08
-0.030495 -0.030213 0.076604 0.9988 -0.013224 0.047068 8.107e-08
-0.030528 -0.030222 0.076634 0.99877 -0.013639 0.047579 8.1138e-08
5.7882e-05 -0.030221 0.076575 0.0038605 0.99908 0.042616 8.1078e-08
-0.00010712 -0.030224 0.076546 0.006383 0.99908 0.042491 8.0995e-08
-0.00011549 -0.030221 0.076564 0.0062932 0.99906 0.042802 8.1037e-08
4.8525e-05 -0.030219 0.076587 0.0040365 0.99907 0.042814 8.1117e-08
5.8988e-05 -0.030309 0.076605 0.0037874 0.99902 0.044105 8.1092e-08
2.1281e-05 -0.030235 0.076563 0.0042044 0.99907 0.042885 8.1023e-08
-0.0003074 -0.030367 0.07656 0.0029316 0.99893 0.046154 8.1385e-08
3.7736e-05 -0.030249 0.07654 0.0040536 0.99908 0.042758 8.095e-08
-7.5651e-05 -0.030391 0.076761 0.00085552 0.99907 0.043 8.1622e-08
5.7882e-05 -0.030221 0.076575 0.0038605 0.99908 0.042616 8.1078e-08
0.029649 -0.030481 0.077152 0.99879 -0.015374 0.046612 8.2304e-08
0.029554 -0.030486 0.077031 0.99883 -0.015143 0.045827 8.1876e-08
0.029741 -0.030322 0.077334 0.99888 -0.017448 0.043951 8.2622e-08
0.029737 -0.030302 0.07731 0.99886 -0.01784 0.044343 8.2582e-08
0.029632 -0.030352 0.077075 0.99875 -0.013468 0.048226 8.204e-08
0.029655 -0.030436 0.077143 0.99878 -0.015851 0.046715 8.2313e-08
0.029655 -0.030436 0.077143 0.99878 -0.015851 0.046715 8.2313e-08
0.029678 -0.030431 0.077161 0.99877 -0.016233 0.046882 8.2371e-08
0.029529 -0.030466 0.07675 0.99876 -0.016205 0.047052 8.1345e-08
0.029541 -0.030491 0.077164 0.99878 -0.01696 0.046277 8.2271e-08
0.059194 -0.030444 0.077024 0.99858 -0.016426 0.050697 8.1243e-08
0.059275 -0.030429 0.077009 0.99865 -0.016607 0.049173 8.1171e-08
0.059275 -0.030429 0.077009 0.99865 -0.016607 0.049173 8.1171e-08
0.059363 -0.030499 0.076989 0.99871 -0.016629 0.047945 8.1307e-08
0.059224 -0.030593 0.077117 0.99861 -0.016521 0.05008 8.1517e-08
0.059279 -0.030378 0.076931 0.99863 -0.01699 0.049563 8.1042e-08
0.059279 -0.030378 0.076931 0.99863 -0.01699 0.049563 8.1042e-08
0.059265 -0.030367 0.076936 0.99862 -0.016827 0.049776 8.1049e-08
0.059295 -0.030314 0.076837 0.99864 -0.017003 0.049286 8.0662e-08
0.059237 -0.030361 0.076796 0.9986 -0.01703 0.050157 8.052e-08
-0.059733 -0.060208 0.076764 0.99935 -0.0060311 0.035509 8.1031e-08
-0.059832 -0.060261 0.076743 0.99931 -0.0052251 0.036889 8.1148e-08
-0.059721 -0.060214 0.076798 0.99936 -0.0051064 0.035406 8.1068e-08
-0.059725 -0.060265 0.076739 0.99938 -0.0045499 0.03502 8.09e-08
-0.059729 -0.060263 0.076753 0.99937 -0.0045282 0.035121 8.0942e-08
-0.059695 -0.060226 0.07674 0.99938 -0.0053568 0.034902 8.0882e-08
-0.059701 -0.060224 0.076764 0.99937 -0.0053684 0.035057 8.0953e-08
-0.059699 -0.060225 0.076753 0.99937 -0.0053303 0.035 8.0922e-08
-0.059806 -0.060264 0.076718 0.99932 -0.0054732 0.036421 8.1044e-08
-0.059806 -0.060264 0.076718 0.99932 -0.0054732 0.036421 8.1044e-08
-0.030323 -0.060225 0.076453 0.99892 -0.01265 0.044706 8.0802e-08
-0.030335 -0.060225 0.076442 0.99891 -0.01224 0.045038 8.0798e-08
-0.030339 -0.060228 0.076427 0.99891 -0.012251 0.0451 8.0757e-08
-0.030346 -0.060221 0.076434 0.99891 -0.012067 0.045159 8.0789e-08
-0.03033 -0.060216 0.076461 0.99892 -0.012432 0.044725 8.0831e-08
-0.030361 -0.060084 0.076489 0.99894 -0.0097769 0.044904 8.0996e-08
-0.030346 -0.060221 0.076448 0.99891 -0.01205 0.045158 8.0826e-08
-0.030338 -0.060229 0.076444 0.99891 -0.012252 0.04502 8.081e-08
-0.030348 -0.060227 0.076435 0.9989 -0.01214 0.045218 8.0792e-08
-0.030339 -0.060228 0.076427 0.99891 -0.012251 0.0451 8.0757e-08
-2.6237e-05 -0.059879 0.07744 -0.0023842 0.9992 0.039949 8.2563e-08
-1.0647e-05 -0.059878 0.077485 -0.0023579 0.9992 0.039899 8.269e-08
1.3723e-05 -0.059859 0.07741 -0.0024447 0.99926 0.038383 8.241e-08
-0.00014298 -0.059733 0.077176 -0.002677 0.99927 0.038089 8.1713e-08
-7.2362e-06 -0.059872 0.077388 -0.0022688 0.9992 0.039873 8.2424e-08
-7.2362e-06 -0.059872 0.077388 -0.0022688 0.9992 0.039873 8.2424e-08
-6.3623e-06 -0.05988 0.077441 -0.0022555 0.9992 0.039985 8.2568e-08
-6.3623e-06 -0.05988 0.077441 -0.0022555 0.9992 0.039985 8.2568e-08
1.8641e-05 -0.059872 0.077295 -0.0020532 0.99919 0.040149 8.2177e-08
-0.00011826 -0.059834 0.07726 -0.0029318 0.99922 0.03941 8.2059e-08
0.029741 -0.060143 0.076549 0.99886 -0.017483 0.044519 8.0706e-08
0.029661 -0.060214 0.076504 0.99887 -0.016288 0.044691 8.0545e-08
0.029836 -0.06021 0.076529 0.99898 -0.01642 0.04196 8.0521e-08
0.029691 -0.060036 0.076314 0.99889 -0.018976 0.043169 7.9915e-08
0.029693 -0.06004 0.076277 0.99889 -0.018917 0.043098 7.9805e-08
0.029693 -0.06004 0.076277 0.99889 -0.018917 0.043098 7.9805e-08
0.029822 -0.060211 0.076468 0.99899 -0.016336 0.041926 8.0335e-08
0.029626 -0.059989 0.076443 0.99875 -0.020446 0.045587 8.0448e-08
0.029594 -0.059993 0.076166 0.9987 -0.019662 0.04701 7.983e-08
0.029586 -0.060019 0.076217 0.9988 -0.018591 0.045342 7.9711e-08
0.05936 -0.060483 0.077127 0.99867 -0.025666 0.044679 8.1417e-08
0.05936 -0.060478 0.07713 0.99867 -0.025698 0.044653 8.1419e-08
0.059143 -0.060165 0.077154 0.99846 -0.02681 0.048589 8.1282e-08
0.059176 -0.060152 0.077198 0.99849 -0.02701 0.047897 8.1425e-08
0.059176 -0.060152 0.077198 0.99849 -0.02701 0.047897 8.1425e-08
0.059364 -0.060237 0.076798 0.99876 -0.021409 0.044982 8.0613e-08
0.059316 -0.060054 0.076888 0.9987 -0.022431 0.045704 8.0875e-08
0.059083 -0.059888 0.076838 0.99846 -0.022813 0.050661 8.0369e-08
0.059334 -0.060198 0.077077 0.99862 -0.026738 0.04513 8.1391e-08
0.059282 -0.06005 0.077074 0.99859 -0.027189 0.045496 8.1079e-08
