-0.059125 0.059316 0.076803 0.99957 -0.018285 0.02296 7.9051e-08
-0.059159 0.059379 0.076814 0.99953 -0.019495 0.02359 7.9121e-08
-0.059131 0.059327 0.076795 0.99956 -0.018506 0.023098 7.9018e-08
-0.059259 0.059372 0.076769 0.99953 -0.018156 0.024601 7.9275e-08
-0.059218 0.059198 0.076732 0.9996 -0.014382 0.024245 7.9202e-08
-0.059248 0.059429 0.076765 0.99952 -0.01887 0.024458 7.9309e-08
-0.059106 0.059253 0.076771 0.99966 -0.013448 0.022537 7.9373e-08
-0.059244 0.059379 0.076759 0.99954 -0.01801 0.02432 7.9241e-08
-0.059247 0.05938 0.076756 0.99954 -0.017963 0.024403 7.9231e-08
-0.059125 0.059335 0.076821 0.99957 -0.018076 0.023217 7.9095e-08
-0.030304 0.059581 0.077106 0.99859 -0.025259 0.046621 8.1162e-08
-0.030333 0.05979 0.077107 0.99852 -0.027884 0.046681 8.1118e-08
-0.030304 0.059581 0.077106 0.99859 -0.025259 0.046621 8.1162e-08
-0.030289 0.059599 0.077098 0.99861 -0.024722 0.04655 8.1112e-08
-0.030244 0.059865 0.077046 0.99841 -0.029422 0.048027 8.1113e-08
-0.030356 0.059573 0.077098 0.99861 -0.024231 0.046875 8.1125e-08
-0.030336 0.059627 0.077056 0.99848 -0.025731 0.048737 8.1227e-08
-0.030357 0.059578 0.077087 0.99861 -0.023689 0.047139 8.1103e-08
-0.030172 0.059832 0.076935 0.9988 -0.026358 0.041318 8.0887e-08
-0.030372 0.059556 0.077092 0.99859 -0.024378 0.047219 8.1149e-08
-0.00071042 0.060468 0.07657 0.002484 0.99935 0.035967 8.1311e-08
-0.0008512 0.060171 0.076489 -0.00025507 0.99926 0.038409 8.0993e-08
-0.00083402 0.060259 0.076576 -0.00014585 0.99925 0.038776 8.1185e-08
-0.00084577 0.060234 0.076562 -0.00018221 0.99922 0.039385 8.1137e-08
-0.00083402 0.060259 0.076576 -0.00014585 0.99925 0.038776 8.1185e-08
-0.00083618 0.060279 0.076501 -0.00023042 0.99926 0.03859 8.0963e-08
-0.0008536 0.060273 0.076549 -6.1328e-05 0.99926 0.038546 8.1097e-08
-0.00087575 0.060188 0.076456 -0.00014663 0.99927 0.038131 8.0883e-08
-0.00085749 0.060176 0.076481 -0.00023741 0.99927 0.038326 8.0965e-08
-0.00085749 0.060176 0.076481 -0.00023741 0.99927 0.038326 8.0965e-08
0.029939 0.059516 0.07687 0.99906 -0.011941 0.041571 8.0822e-08
0.029966 0.059455 0.076965 0.99913 -0.011411 0.040131 8.0863e-08
0.029966 0.059455 0.076965 0.99913 -0.011411 0.040131 8.0863e-08
0.029943 0.059769 0.076858 0.99909 -0.01017 0.041507 8.0707e-08
0.029934 0.05958 0.076861 0.99906 -0.013018 0.041436 8.076e-08
0.02994 0.059511 0.076869 0.99906 -0.011829 0.041593 8.0818e-08
0.029938 0.059519 0.076987 0.99915 -0.007586 0.040539 8.0946e-08
0.030159 0.05948 0.077054 0.99916 -0.011899 0.039301 8.1169e-08
0.029976 0.0597 0.076954 0.99915 -0.010062 0.039924 8.0766e-08
0.029933 0.059622 0.076998 0.99914 -0.010437 0.040166 8.0942e-08
0.059783 0.059313 0.076671 0.99918 -0.0074934 0.039806 7.9821e-08
0.059601 0.05902 0.076835 0.99912 -0.0056989 0.041667 8.0023e-08
0.059569 0.059444 0.076854 0.9991 -0.0061895 0.041943 7.9921e-08
0.059602 0.05947 0.076698 0.9991 -0.0066411 0.041938 7.9447e-08
0.059586 0.059451 0.076697 0.99909 -0.0067023 0.042229 7.945e-08
0.059628 0.059045 0.076841 0.99914 -0.0054622 0.041173 8.0028e-08
0.059578 0.059099 0.076909 0.99909 -0.010712 0.041227 8.0246e-08
0.059601 0.05902 0.076835 0.99912 -0.0056989 0.041667 8.0023e-08
0.059785 0.059304 0.076671 0.99918 -0.0078692 0.03975 7.9822e-08
0.059553 0.059295 0.076872 0.99904 -0.01143 0.042268 8.0582e-08
-0.059183 0.029487 0.076772 0.9994 -0.015917 0.030871 7.9458e-08
-0.059183 0.029489 0.07677 0.9994 -0.015885 0.030884 7.9453e-08
-0.059183 0.029489 0.07677 0.9994 -0.015885 0.030884 7.9453e-08
-0.059195 0.029516 0.076773 0.9994 -0.016238 0.030728 7.9481e-08
-0.059171 0.029486 0.076919 0.99939 -0.015935 0.031017 7.9859e-08
-0.059339 0.029619 0.076752 0.99934 -0.016245 0.032346 7.9689e-08
-0.059319 0.029638 0.076895 0.99935 -0.016016 0.032422 8.0084e-08
-0.059327 0.029589 0.076732 0.99934 -0.015561 0.032732 7.9634e-08
-0.059307 0.029604 0.076883 0.99934 -0.01546 0.03273 8.0046e-08
-0.059311 0.029606 0.076881 0.99934 -0.015434 0.032816 8.0039e-08
-0.030328 0.029592 0.076473 0.99881 -0.020454 0.04427 8.0289e-08
-0.030321 0.029595 0.076464 0.99882 -0.020281 0.044128 8.0266e-08
-0.030389 0.029638 0.0766 0.99874 -0.01868 0.046614 8.0401e-08
-0.030397 0.029611 0.076617 0.99872 -0.019527 0.046726 8.0464e-08
-0.030397 0.029611 0.076617 0.99872 -0.019527 0.046726 8.0464e-08
-0.030333 0.029628 0.076418 0.99882 -0.019613 0.044345 8.0137e-08
-0.030415 0.02974 0.076504 0.99866 -0.018821 0.048126 8.0266e-08
-0.030404 0.02967 0.076573 0.99873 -0.017946 0.046974 8.0302e-08
-0.030383 0.029585 0.076604 0.99874 -0.019597 0.046173 8.0458e-08
-0.030391 0.029575 0.076615 0.99872 -0.020165 0.046352 8.0495e-08
-0.00029584 0.029552 0.076806 0.013101 0.99871 0.048968 8.0877e-08
-0.00028014 0.029593 0.076791 0.013407 0.99873 0.048591 8.0785e-08
-0.00029584 0.029552 0.076806 0.013101 0.99871 0.048968 8.0877e-08
-0.00027982 0.029586 0.076793 0.013405 0.99872 0.048688 8.0797e-08
-0.00026967 0.029393 0.076718 0.013533 0.99868 0.049509 8.0574e-08
-0.00027569 0.029435 0.076701 0.013511 0.99872 0.048795 8.0486e-08
-0.00029154 0.029424 0.076869 0.013231 0.99846 0.053901 8.0698e-08
-0.00024881 0.0295 0.076828 0.013499 0.9986 0.051088 8.0789e-08
-0.00036053 0.029423 0.076863 0.014353 0.99844 0.053959 8.0688e-08
-0.00028774 0.02942 0.076866 0.013216 0.99845 0.054037 8.0699e-08
0.029631 0.029716 0.07702 0.99877 -0.010699 0.048421 8.1243e-08
0.029578 0.029701 0.076941 0.99876 -0.010188 0.048695 8.0972e-08
0.029611 0.029848 0.076919 0.99866 -0.012711 0.050184 8.1119e-08
0.029611 0.02982 0.07697 0.99869 -0.012394 0.049645 8.1225e-08
0.029617 0.02984 0.07695 0.99869 -0.012549 0.049598 8.1151e-08
0.029607 0.02985 0.076943 0.99867 -0.012701 0.049875 8.1154e-08
0.029608 0.029835 0.076935 0.99867 -0.012419 0.049974 8.1141e-08
0.029608 0.029835 0.076935 0.99867 -0.012419 0.049974 8.1141e-08
0.029594 0.02997 0.076961 0.99865 -0.011514 0.050695 8.1028e-08
0.029611 0.029828 0.076942 0.99868 -0.012306 0.049949 8.1163e-08
0.059382 0.029554 0.076769 0.99854 -0.017798 0.051098 8.018e-08
0.059364 0.029328 0.076811 0.99832 -0.021611 0.053805 8.0098e-08
0.059364 0.029328 0.076811 0.99832 -0.021611 0.053805 8.0098e-08
0.059364 0.029328 0.076811 0.99832 -0.021611 0.053805 8.0098e-08
0.059386 0.029368 0.076821 0.99833 -0.021062 0.053709 8.0137e-08
0.059221 0.029404 0.076844 0.9983 -0.019656 0.05484 8.0233e-08
0.059388 0.029357 0.076818 0.99834 -0.021006 0.053668 8.0118e-08
0.059386 0.029368 0.076821 0.99833 -0.021062 0.053709 8.0137e-08
0.059386 0.029424 0.076726 0.99854 -0.017622 0.050969 7.991e-08
0.059361 0.02948 0.076763 0.99856 -0.016358 0.05105 8.0057e-08
-0.059516 -0.00085356 0.076747 0.99928 -0.015084 0.034922 8.0207e-08
-0.059546 -0.00071693 0.076735 0.99932 -0.015567 0.033383 8.0127e-08
-0.059551 -0.00052646 0.07659 0.99934 -0.01466 0.033276 7.9646e-08
-0.059581 -0.00076032 0.076744 0.99927 -0.015397 0.034965 8.0226e-08
-0.05927 -0.00073516 0.07667 0.99951 -0.015151 0.027272 8.0181e-08
-0.059288 -0.00071058 0.076727 0.9995 -0.014679 0.028166 8.0335e-08
-0.059341 -0.00074218 0.076752 0.9994 -0.014352 0.031491 8.0475e-08
-0.05943 -0.00033799 0.076742 0.99941 -0.012563 0.032025 8.0227e-08
-0.059146 -0.00061278 0.076521 0.99956 -0.014089 0.026006 7.941e-08
-0.058899 -0.00070167 0.076662 0.99957 -0.016753 0.024173 7.9907e-08
-0.030287 -0.00015613 0.076042 0.99893 -0.012437 0.04447 7.9359e-08
-0.030305 -0.00010705 0.076033 0.99889 -0.012972 0.045268 7.9368e-08
-0.030346 -9.3627e-05 0.076142 0.9988 -0.012637 0.047321 7.9478e-08
-0.030514 -7.2526e-05 0.076414 0.99879 -0.012902 0.047386 8.0289e-08
-0.030533 -0.00010857 0.076429 0.99877 -0.012913 0.047788 8.0366e-08
-0.030377 -0.00033749 0.07624 0.99878 -0.01693 0.046314 7.9719e-08
-0.030315 -0.00033784 0.076105 0.99888 -0.016998 0.044123 7.9531e-08
-0.030427 -0.00022319 0.076455 0.99871 -0.01535 0.048326 8.0211e-08
-0.030458 -0.00037696 0.076351 0.99863 -0.016928 0.049457 7.9822e-08
-0.030453 -0.0001566 0.076339 0.99869 -0.01263 0.049621 7.9773e-08
-0.00026347 2.0262e-05 0.077155 0.99874 -0.020672 0.045654 8.1394e-08
-0.00024541 -0.00037443 0.077182 0.99875 -0.021085 0.045402 8.149e-08
-0.00023785 -0.00034891 0.077181 0.99876 -0.020878 0.045106 8.1496e-08
-0.00026999 -0.00023031 0.077148 0.99874 -0.021216 0.045491 8.1367e-08
-0.00026999 -0.00023031 0.077148 0.99874 -0.021216 0.045491 8.1367e-08
-0.00025258 -0.00033724 0.07719 0.99874 -0.02168 0.045236 8.1512e-08
-0.00025258 -0.00033724 0.07719 0.99874 -0.02168 0.045236 8.1512e-08
-0.00027495 -0.00021648 0.077151 0.99874 -0.021507 0.045378 8.1374e-08
-0.00027766 1.3729e-05 0.077152 0.99873 -0.021547 0.045514 8.1387e-08
-0.00025833 -0.00032223 0.077193 0.99874 -0.021994 0.045112 8.1519e-08
0.029511 -0.00029542 0.076805 0.99882 -0.016642 0.045711 8.077e-08
0.029661 -0.00024413 0.076747 0.99887 -0.016408 0.044655 8.0508e-08
0.029667 -0.00024523 0.076739 0.99887 -0.016374 0.044613 8.0482e-08
0.029628 -0.00024327 0.076762 0.99886 -0.01628 0.044835 8.0573e-08
0.02967 -0.00026343 0.076737 0.99888 -0.016313 0.044486 8.0506e-08
0.029547 -0.00029098 0.076812 0.9988 -0.016353 0.046155 8.0827e-08
0.029714 -0.00015974 0.076774 0.99882 -0.017803 0.045181 8.069e-08
0.02971 -0.00015365 0.076785 0.99882 -0.01792 0.045247 8.0728e-08
0.029588 -0.00020098 0.07683 0.99875 -0.018173 0.046568 8.1021e-08
0.029548 -0.00029156 0.07682 0.99883 -0.016689 0.045481 8.0833e-08
0.059378 -0.00062761 0.076915 0.99874 -0.020594 0.045834 8.0821e-08
0.059233 -0.0006076 0.076941 0.99864 -0.020581 0.047833 8.0536e-08
0.059327 -0.00038237 0.076935 0.99867 -0.02096 0.047068 8.092e-08
0.059189 -0.00015758 0.076936 0.99855 -0.023267 0.048459 8.055e-08
0.059325 -0.00082518 0.076912 0.99871 -0.021964 0.045694 8.0358e-08
0.059401 -0.00037727 0.076887 0.99875 -0.022384 0.044614 8.0284e-08
0.059444 -0.00035915 0.077031 0.9988 -0.021121 0.044178 8.0744e-08
0.059428 -0.00016937 0.076959 0.99877 -0.021984 0.04454 8.0491e-08
0.059582 -0.00039231 0.076942 0.99887 -0.021265 0.042577 8.0822e-08
0.059568 -0.00035591 0.076928 0.99886 -0.02133 0.042723 8.0769e-08
-0.059904 -0.030393 0.076663 0.99934 -0.010973 0.034651 8.0972e-08
-0.059904 -0.030393 0.076663 0.99934 -0.010973 0.034651 8.0972e-08
-0.059837 -0.030123 0.076527 0.99938 -0.0099567 0.033759 8.0268e-08
-0.059831 -0.030104 0.076492 0.99937 -0.010307 0.033909 8.0192e-08
-0.059681 -0.030361 0.076721 0.99943 -0.011494 0.031725 8.0689e-08
-0.059975 -0.03025 0.076935 0.99928 -0.0093023 0.036899 8.1402e-08
-0.059721 -0.030327 0.076694 0.99942 -0.011324 0.032207 8.0695e-08
-0.059912 -0.030401 0.076671 0.99933 -0.011169 0.034897 8.0984e-08
-0.059922 -0.030394 0.076668 0.99933 -0.010871 0.034949 8.0988e-08
-0.05996 -0.03053 0.076656 0.99929 -0.011598 0.035785 8.0798e-08
-0.030397 -0.030183 0.076552 0.99899 -0.011742 0.043459 8.0741e-08
-0.030375 -0.030193 0.076532 0.99898 -0.012249 0.043406 8.0648e-08
-0.030375 -0.030193 0.076532 0.99898 -0.012249 0.043406 8.0648e-08
-0.030398 -0.030296 0.076501 0.99897 -0.010932 0.0441 8.0656e-08
-0.030377 -0.030204 0.076522 0.99898 -0.012107 0.04343 8.062e-08
-0.030403 -0.030283 0.076496 0.99897 -0.010524 0.044057 8.066e-08
-0.030364 -0.030228 0.076482 0.99897 -0.012235 0.043629 8.0476e-08
-0.030372 -0.030317 0.076483 0.99897 -0.01113 0.044089 8.0586e-08
-0.030395 -0.030322 0.076499 0.99894 -0.011303 0.044543 8.0608e-08
-0.030363 -0.030252 0.076517 0.99898 -0.010941 0.043901 8.0768e-08
-0.0001326 -0.030173 0.076486 0.0061876 0.99911 0.041818 8.0845e-08
-0.00025254 -0.030195 0.076519 0.0074011 0.99904 0.04309 8.1047e-08
-0.00017709 -0.030164 0.076511 0.0068043 0.9991 0.041833 8.0932e-08
-0.0001326 -0.030173 0.076486 0.0061876 0.99911 0.041818 8.0845e-08
-0.0001326 -0.030173 0.076486 0.0061876 0.99911 0.041818 8.0845e-08
-0.00017709 -0.030164 0.076511 0.0068043 0.9991 0.041833 8.0932e-08
-0.00016759 -0.030164 0.076471 0.0064565 0.99913 0.041222 8.0764e-08
-0.0001326 -0.030173 0.076486 0.0061876 0.99911 0.041818 8.0845e-08
3.1843e-05 -0.030277 0.076551 0.0038828 0.99905 0.043512 8.0923e-08
4.6563e-05 -0.030185 0.076495 0.003753 0.99912 0.041827 8.0862e-08
0.029588 -0.030177 0.076818 0.99889 -0.015096 0.044702 8.1022e-08
0.029619 -0.030153 0.076821 0.99891 -0.015149 0.044163 8.1008e-08
0.029628 -0.030334 0.076739 0.99892 -0.014909 0.043919 8.0892e-08
0.029624 -0.030344 0.076778 0.99886 -0.014622 0.045401 8.1184e-08
0.029662 -0.030267 0.076756 0.99874 -0.014742 0.047996 8.1299e-08
0.029638 -0.030304 0.076777 0.99885 -0.015078 0.045597 8.1227e-08
0.02959 -0.030387 0.076799 0.99883 -0.012085 0.046758 8.1308e-08
0.029601 -0.030184 0.076702 0.99884 -0.014135 0.045988 8.0841e-08
0.029531 -0.030172 0.076705 0.99884 -0.013515 0.046233 8.0837e-08
0.029546 -0.030321 0.076724 0.99885 -0.015131 0.045603 8.1009e-08
0.059564 -0.030181 0.076772 0.99886 -0.016948 0.044665 8.0687e-08
0.059516 -0.030491 0.076778 0.99884 -0.015483 0.045625 8.1004e-08
0.059498 -0.030205 0.076722 0.99885 -0.015782 0.045365 8.052e-08
0.059284 -0.030454 0.076793 0.99868 -0.015436 0.048906 8.063e-08
0.059506 -0.030425 0.076726 0.99884 -0.016187 0.045281 8.0237e-08
0.059315 -0.030619 0.076824 0.99873 -0.015032 0.048059 8.0488e-08
0.05951 -0.030411 0.076747 0.99885 -0.016144 0.045181 8.0307e-08
0.059311 -0.030629 0.076804 0.99872 -0.015113 0.048209 8.0429e-08
0.05955 -0.0304 0.076738 0.99888 -0.016373 0.044474 8.0269e-08
0.059541 -0.030396 0.076737 0.99887 -0.016185 0.04462 8.0265e-08
-0.05956 -0.060147 0.076475 0.99946 -0.0064599 0.032281 8.0022e-08
-0.059555 -0.06033 0.07656 0.9995 -0.0017414 0.031449 8.0186e-08
-0.059553 -0.06036 0.07655 0.99951 -0.001635 0.031285 8.0147e-08
-0.059616 -0.060191 0.076493 0.99945 -0.0053693 0.032694 8.0123e-08
-0.059616 -0.060209 0.07649 0.99945 -0.0054808 0.032708 8.0112e-08
-0.05955 -0.060364 0.076543 0.99951 -0.0016416 0.031205 8.0124e-08
-0.059557 -0.060357 0.076564 0.99951 -0.0016798 0.031393 8.019e-08
-0.059547 -0.060342 0.076567 0.99951 -0.0019719 0.03136 8.0188e-08
-0.059526 -0.060358 0.07652 0.99952 -0.001998 0.030887 8.0031e-08
-0.059526 -0.060358 0.07652 0.99952 -0.001998 0.030887 8.0031e-08
-0.030324 -0.059889 0.076394 0.99895 -0.0085196 0.045089 8.0454e-08
-0.03028 -0.060337 0.076334 0.99901 -0.010104 0.043272 8.0336e-08
-0.030304 -0.060102 0.076364 0.99892 -0.012423 0.044764 8.0348e-08
-0.030324 -0.060159 0.076241 0.99895 -0.013006 0.043877 8.0086e-08
-0.030342 -0.059972 0.076247 0.99899 -0.0094974 0.043966 8.0163e-08
-0.030349 -0.059977 0.076275 0.99898 -0.0095173 0.044109 8.0246e-08
-0.030207 -0.060131 0.076142 0.99897 -0.012323 0.043663 7.9808e-08
-0.030346 -0.059987 0.076256 0.99898 -0.0097565 0.044031 8.0188e-08
-0.030346 -0.059987 0.076256 0.99898 -0.0097565 0.044031 8.0188e-08
-0.030368 -0.059916 0.076355 0.99893 -0.0086811 0.045323 8.0302e-08
-0.0001882 -0.059687 0.076829 0.0032076 0.99939 0.034831 8.0801e-08
-0.00023603 -0.059654 0.076819 0.0033711 0.99943 0.03369 8.0728e-08
-0.0002263 -0.059654 0.076819 0.0034354 0.99943 0.033692 8.073e-08
-0.00024182 -0.059629 0.076836 0.0033255 0.99944 0.033273 8.0787e-08
-0.0001882 -0.059687 0.076829 0.0032076 0.99939 0.034831 8.0801e-08
-9.0141e-05 -0.059598 0.076822 0.0010387 0.99946 0.03293 8.0686e-08
-0.00016955 -0.059629 0.076838 0.0028292 0.99946 0.032824 8.0765e-08
-0.00016955 -0.059629 0.076838 0.0028292 0.99946 0.032824 8.0765e-08
-0.00020389 -0.059672 0.076839 0.003054 0.9994 0.034563 8.0837e-08
-0.00033483 -0.059624 0.07683 0.0062819 0.9994 0.033995 8.0785e-08
0.029645 -0.060152 0.07648 0.99889 -0.015689 0.044419 8.0469e-08
0.029577 -0.06015 0.076408 0.99887 -0.016184 0.044735 8.025e-08
0.029813 -0.060183 0.076429 0.999 -0.016235 0.041742 8.026e-08
0.029813 -0.060144 0.076262 0.99901 -0.016324 0.041307 7.9762e-08
0.029824 -0.06014 0.076279 0.99902 -0.016082 0.041142 7.9824e-08
0.02982 -0.060194 0.076295 0.99902 -0.015819 0.041388 7.9868e-08
0.029817 -0.060196 0.076278 0.99902 -0.015889 0.041356 7.9817e-08
0.029753 -0.060223 0.076152 0.99904 -0.014631 0.041296 7.9363e-08
0.029626 -0.060221 0.076194 0.99893 -0.014165 0.04396 7.9512e-08
0.029632 -0.060256 0.076215 0.99894 -0.013844 0.04398 7.9592e-08
0.059225 -0.060241 0.076769 0.99861 -0.017621 0.049642 7.9987e-08
0.059438 -0.060032 0.076745 0.99884 -0.013799 0.046091 8.0333e-08
0.05947 -0.060061 0.076741 0.99887 -0.013644 0.045435 8.0311e-08
0.059476 -0.060044 0.076777 0.99889 -0.013718 0.044974 8.0456e-08
0.059295 -0.059925 0.076787 0.99874 -0.013929 0.048145 8.015e-08
0.059295 -0.059925 0.076787 0.99874 -0.013929 0.048145 8.015e-08
0.059295 -0.059925 0.076787 0.99874 -0.013929 0.048145 8.015e-08
0.05933 -0.060003 0.076954 0.99882 -0.013881 0.046617 8.0605e-08
0.059264 -0.060011 0.076776 0.99863 -0.017956 0.049127 8.0121e-08
0.059305 -0.060286 0.076968 0.99874 -0.017682 0.046982 8.0565e-08
