-0.059884 0.058955 0.076014 0.99999 -0.0049249 -8.3937e-06 8.0464e-08
-0.059884 0.058958 0.076014 0.99999 -0.0049163 -8.3867e-06 8.0462e-08
-0.059884 0.058958 0.076014 0.99999 -0.0049163 -8.3867e-06 8.0462e-08
-0.059884 0.058962 0.076014 0.99999 -0.0048772 -8.371e-06 8.046e-08
-0.059832 0.059081 0.076017 1 -0.0031544 -1.052e-05 8.0687e-08
-0.059835 0.059093 0.076017 1 -0.0031346 -1.0526e-05 8.0681e-08
-0.059832 0.05909 0.076017 1 -0.0031316 -1.0521e-05 8.0683e-08
-0.059838 0.059063 0.076017 0.99999 -0.0036189 -1.0575e-05 8.069e-08
-0.059891 0.058932 0.076014 0.99998 -0.0055916 -8.4285e-06 8.0463e-08
-0.059841 0.059045 0.076017 0.99999 -0.0037861 -1.0581e-05 8.0691e-08
-0.029906 0.059563 0.076008 0.99994 -0.011363 5.1856e-06 8.1448e-08
-0.029997 0.059459 0.076005 0.99993 -0.011614 4.5515e-06 8.1357e-08
-0.029976 0.0596 0.076006 0.99996 -0.0086762 4.9416e-06 8.1284e-08
-0.029972 0.059391 0.076009 0.99992 -0.012317 5.7752e-06 8.1238e-08
-0.029853 0.059425 0.07601 0.99991 -0.013517 5.8344e-06 8.1297e-08
-0.029879 0.059429 0.076011 0.99991 -0.013268 5.8121e-06 8.1324e-08
-0.02989 0.059503 0.076004 0.9999 -0.014111 7.7437e-06 8.1575e-08
-0.029873 0.059642 0.076008 0.99995 -0.010029 5.1428e-06 8.1383e-08
-0.029887 0.059688 0.076004 0.99993 -0.011651 7.1994e-06 8.1546e-08
-0.029878 0.059618 0.076008 0.99994 -0.010859 5.2233e-06 8.1402e-08
-0.00068149 0.060224 0.075986 -0.0030497 1 -5.2353e-06 8.2714e-08
-0.00095406 0.060231 0.075988 -0.0028354 1 -5.5429e-06 8.2802e-08
-0.00094926 0.060225 0.075988 -0.00291 1 -5.2741e-06 8.282e-08
-0.00093177 0.060225 0.075988 -0.0030109 1 -5.1806e-06 8.2826e-08
-0.00066485 0.060246 0.075986 -0.0040504 0.99999 -5.8176e-06 8.2696e-08
-0.00093177 0.060225 0.075988 -0.0030109 1 -5.1806e-06 8.2826e-08
-0.00066602 0.06024 0.075986 -0.0039877 0.99999 -5.7025e-06 8.2713e-08
-0.00066602 0.06024 0.075986 -0.0039877 0.99999 -5.7025e-06 8.2713e-08
-0.00065237 0.06024 0.075986 -0.0040646 0.99999 -5.6984e-06 8.2714e-08
-0.00067506 0.060318 0.075986 -0.0040659 0.99999 -5.4359e-06 8.2648e-08
0.030058 0.059774 0.076006 0.99998 -0.0064294 -3.4144e-06 8.1501e-08
0.030133 0.059881 0.076006 0.99998 -0.0064812 4.2986e-06 8.1323e-08
0.030015 0.059626 0.076009 0.99997 -0.0080409 -3.4172e-06 8.1647e-08
0.030057 0.059769 0.076007 0.99998 -0.0063429 -3.3137e-06 8.1507e-08
0.030051 0.059771 0.076007 0.99998 -0.0063827 -2.7331e-06 8.1525e-08
0.030042 0.05963 0.076003 0.99999 -0.0038867 2.0636e-06 8.1517e-08
0.030128 0.05988 0.076006 0.99998 -0.0064406 4.7729e-06 8.1342e-08
0.030128 0.05988 0.076006 0.99998 -0.0064406 4.7729e-06 8.1342e-08
0.030128 0.05988 0.076006 0.99998 -0.0064406 4.7729e-06 8.1342e-08
0.030132 0.059883 0.076006 0.99998 -0.0064515 4.6028e-06 8.1332e-08
0.059842 0.059466 0.076006 1 -0.0015752 5.5971e-06 8.0813e-08
0.059842 0.059467 0.076005 1 -0.0014453 5.532e-06 8.0806e-08
0.059857 0.05949 0.076004 1 -0.0016671 5.728e-06 8.0904e-08
0.059852 0.059475 0.076002 1 -0.0016422 5.6408e-06 8.0839e-08
0.059854 0.05947 0.076003 1 -0.0014524 5.6318e-06 8.0857e-08
0.059857 0.05949 0.076004 1 -0.0016671 5.728e-06 8.0904e-08
0.059854 0.05947 0.076003 1 -0.0014532 5.6412e-06 8.0866e-08
0.059854 0.059469 0.076003 1 -0.0015822 5.6939e-06 8.0867e-08
0.059854 0.05947 0.076003 1 -0.0014532 5.6412e-06 8.0866e-08
0.059853 0.059477 0.076003 1 -0.0015155 5.5962e-06 8.0847e-08
-0.059755 0.029317 0.076013 0.99999 -0.0034348 -8.3398e-06 8.1184e-08
-0.059782 0.029168 0.076011 0.99999 -0.0046915 -6.707e-06 8.1039e-08
-0.059789 0.029161 0.076011 0.99999 -0.00476 -6.848e-06 8.105e-08
-0.059788 0.029164 0.076011 0.99999 -0.0047805 -6.8057e-06 8.1043e-08
-0.059743 0.029039 0.076012 0.99999 -0.004709 -7.8945e-06 8.0839e-08
-0.059791 0.029165 0.07601 0.99999 -0.004744 -6.8129e-06 8.104e-08
-0.059753 0.029312 0.076013 0.99999 -0.0033342 -8.3433e-06 8.1191e-08
-0.059755 0.029317 0.076013 0.99999 -0.0034348 -8.3398e-06 8.1184e-08
-0.059752 0.029317 0.076013 0.99999 -0.003329 -8.3315e-06 8.1185e-08
-0.059752 0.029317 0.076013 0.99999 -0.003329 -8.3315e-06 8.1185e-08
-0.029867 0.029472 0.075987 0.99997 -0.0077449 7.789e-06 8.1824e-08
-0.029885 0.029588 0.075986 0.99998 -0.0063056 7.3006e-06 8.1919e-08
-0.029883 0.029606 0.075986 0.99998 -0.0064925 7.4683e-06 8.1936e-08
-0.029769 0.029435 0.075985 0.99996 -0.0088798 7.6898e-06 8.1681e-08
-0.029781 0.029593 0.075984 0.99997 -0.0073682 7.0632e-06 8.181e-08
-0.029772 0.029439 0.075985 0.99996 -0.0091932 7.6692e-06 8.1704e-08
-0.029772 0.029431 0.075985 0.99996 -0.009041 7.5876e-06 8.169e-08
-0.029772 0.029431 0.075985 0.99996 -0.009041 7.5876e-06 8.169e-08
-0.029793 0.029611 0.075983 0.99997 -0.0072877 7.125e-06 8.1797e-08
-0.029778 0.029456 0.075985 0.99995 -0.0096335 7.6657e-06 8.1726e-08
-0.00045485 0.029837 0.075994 0.0027201 1 6.8575e-06 8.127e-08
-0.00045181 0.029828 0.075995 0.0025478 1 6.9684e-06 8.129e-08
-0.00044232 0.029839 0.075998 0.0025554 1 6.5068e-06 8.1243e-08
-0.00044018 0.029845 0.075996 0.0026091 1 6.4057e-06 8.1227e-08
-0.00044194 0.029913 0.075989 0.0025078 1 7.4075e-06 8.1442e-08
-0.00044194 0.029913 0.075989 0.0025078 1 7.4075e-06 8.1442e-08
-0.00044194 0.029913 0.075989 0.0025078 1 7.4075e-06 8.1442e-08
-0.00046595 0.029886 0.075989 0.0027483 1 7.7561e-06 8.1423e-08
-0.00046595 0.029886 0.075989 0.0027483 1 7.7561e-06 8.1423e-08
-0.00048321 0.029904 0.07599 0.0028644 1 7.8565e-06 8.1482e-08
0.030154 0.029811 0.076013 1 -0.0017371 9.6749e-06 8.1291e-08
0.030268 0.029496 0.07601 1 -0.00056333 1.0631e-05 8.127e-08
0.030088 0.029495 0.075995 1 -0.00085316 1.1244e-05 8.1261e-08
0.030157 0.029826 0.076013 1 -0.001976 9.7805e-06 8.1301e-08
0.03015 0.029815 0.076013 1 -0.0018122 9.6736e-06 8.1287e-08
0.030201 0.029621 0.076012 1 0.00032345 1.0208e-05 8.1433e-08
0.03016 0.029803 0.076012 1 -0.0016483 9.6098e-06 8.1283e-08
0.030151 0.029822 0.076013 1 -0.001929 9.675e-06 8.1287e-08
0.03001 0.029848 0.076011 1 -0.002482 9.9777e-06 8.1245e-08
0.030154 0.029811 0.076013 1 -0.0017371 9.6749e-06 8.1291e-08
0.059828 0.029655 0.07601 0.99994 -0.011147 9.0068e-06 8.106e-08
0.059809 0.02962 0.076009 0.99993 -0.011512 8.8184e-06 8.1046e-08
0.059852 0.029623 0.076009 0.99995 -0.010344 8.9565e-06 8.1001e-08
0.059861 0.029678 0.076009 0.99995 -0.010398 8.958e-06 8.1065e-08
0.059881 0.029635 0.076008 0.99994 -0.011264 8.2155e-06 8.1463e-08
0.059861 0.029678 0.076009 0.99995 -0.010398 8.958e-06 8.1065e-08
0.059948 0.02968 0.076009 0.99995 -0.0096751 8.3287e-06 8.144e-08
0.059814 0.029693 0.076009 0.99993 -0.011812 8.8558e-06 8.1138e-08
0.059814 0.029693 0.076009 0.99993 -0.011812 8.8558e-06 8.1138e-08
0.059766 0.029569 0.076012 0.99993 -0.011956 9.5306e-06 8.1219e-08
-0.059778 -0.00056841 0.075995 1 -0.0017509 -6.6793e-06 8.1676e-08
-0.059784 -0.0007278 0.075998 1 -0.0028718 -6.4414e-06 8.1688e-08
-0.059726 -0.00078203 0.075992 1 -0.0016511 -7.5723e-06 8.1472e-08
-0.059726 -0.00078375 0.075992 1 -0.0016734 -7.5564e-06 8.147e-08
-0.059859 -0.00096907 0.076004 0.99999 -0.0033506 -7.993e-06 8.1582e-08
-0.05985 -0.00079851 0.075995 1 -0.001753 -8.2778e-06 8.153e-08
-0.059725 -0.0007846 0.075992 1 -0.0016711 -7.5593e-06 8.1474e-08
-0.059757 -0.00071253 0.075992 1 -0.0018881 -6.0909e-06 8.1082e-08
-0.059726 -0.00078498 0.075992 1 -0.0016824 -7.559e-06 8.1471e-08
-0.059739 -0.00096826 0.075993 0.99999 -0.0031657 -7.2111e-06 8.1519e-08
-0.029987 -0.00038027 0.075981 0.99997 -0.0077566 1.0812e-05 8.2276e-08
-0.029976 -0.00039179 0.075982 0.99996 -0.0086839 9.8368e-06 8.2349e-08
-0.029977 -0.00037608 0.075982 0.99996 -0.0087141 9.7774e-06 8.234e-08
-0.029977 -0.00036839 0.075982 0.99996 -0.0086025 9.7064e-06 8.2343e-08
-0.029978 -0.00038507 0.075982 0.99996 -0.0087784 9.887e-06 8.2342e-08
-0.029974 -0.00036775 0.075982 0.99996 -0.0085529 9.7999e-06 8.2334e-08
-0.029974 -0.00036155 0.075982 0.99996 -0.0086416 9.8062e-06 8.2331e-08
-0.029974 -0.00036775 0.075982 0.99996 -0.0085529 9.7999e-06 8.2334e-08
-0.029974 -0.00036775 0.075982 0.99996 -0.0085529 9.7999e-06 8.2334e-08
-0.030079 -0.00037458 0.075979 0.99996 -0.0088404 1.0586e-05 8.2226e-08
-9.1467e-05 0.00017807 0.076013 0.99997 -0.0083352 6.9366e-06 8.1411e-08
7.1619e-06 0.00011776 0.076013 0.99997 -0.0072073 7.9988e-06 8.1418e-08
-5.3922e-05 4.1405e-05 0.076009 0.99997 -0.007882 6.759e-06 8.1642e-08
-7.76e-05 -0.00046449 0.07601 0.99997 -0.0083211 6.8385e-06 8.1374e-08
-7.8328e-05 0.00014205 0.076012 0.99997 -0.0079783 6.9497e-06 8.141e-08
-8.6998e-05 -0.00028687 0.07601 0.99996 -0.0093894 7.0058e-06 8.138e-08
-8.6998e-05 -0.00028687 0.07601 0.99996 -0.0093894 7.0058e-06 8.138e-08
-7.3854e-05 -0.0003118 0.076011 0.99995 -0.0099047 7.0749e-06 8.1388e-08
2.5835e-05 -0.00030538 0.076011 0.99993 -0.012106 8.1656e-06 8.1437e-08
-6.7636e-05 -4.2528e-05 0.076012 0.99998 -0.0067014 6.6063e-06 8.1407e-08
0.030133 -0.00026837 0.075989 0.99998 -0.00602 7.8527e-06 8.1978e-08
0.030133 -0.00026837 0.075989 0.99998 -0.00602 7.8527e-06 8.1978e-08
0.030133 -0.00026837 0.075989 0.99998 -0.00602 7.8527e-06 8.1978e-08
0.030178 -0.00017058 0.075991 0.99997 -0.0077089 7.7079e-06 8.2034e-08
0.030172 -0.00016964 0.075991 0.99997 -0.0077951 7.724e-06 8.2033e-08
0.030172 -0.00016964 0.075991 0.99997 -0.0077951 7.724e-06 8.2033e-08
0.030172 -0.00016964 0.075991 0.99997 -0.0077951 7.724e-06 8.2033e-08
0.030172 -0.00016964 0.075991 0.99997 -0.0077951 7.724e-06 8.2033e-08
0.030133 -0.00026837 0.075989 0.99998 -0.00602 7.8527e-06 8.1978e-08
0.030133 -0.00026837 0.075989 0.99998 -0.00602 7.8527e-06 8.1978e-08
0.059747 -0.00076535 0.076007 0.99993 -0.011511 6.2859e-06 8.1125e-08
0.05974 -0.00029573 0.076009 0.99991 -0.013495 6.0403e-06 8.1181e-08
0.059749 -0.0002577 0.076008 0.99996 -0.0093888 5.9083e-06 8.1095e-08
0.059745 -0.00041219 0.076006 0.99991 -0.013179 6.1701e-06 8.1109e-08
0.059747 -0.0004354 0.076006 0.99991 -0.013066 6.1337e-06 8.1102e-08
0.059751 -0.00063307 0.075996 0.99993 -0.012146 6.2506e-06 8.1038e-08
0.059752 -0.00016663 0.076006 0.99995 -0.0097462 5.906e-06 8.1046e-08
0.059749 -0.00069478 0.075996 0.99993 -0.011776 6.2466e-06 8.1033e-08
0.059839 -0.00023205 0.076008 0.99996 -0.0092774 6.3132e-06 8.1017e-08
0.059687 -0.00024494 0.076009 0.99995 -0.0095455 7.2912e-06 8.1275e-08
-0.059917 -0.03041 0.07601 1 -0.0013043 -6.8306e-06 8.2047e-08
-0.059937 -0.030403 0.076009 1 -0.00098061 -6.9802e-06 8.2051e-08
-0.059917 -0.03041 0.07601 1 -0.0013043 -6.8306e-06 8.2047e-08
-0.059916 -0.030411 0.07601 1 -0.0013313 -6.82e-06 8.2047e-08
-0.059916 -0.03041 0.07601 1 -0.0013199 -6.8408e-06 8.2049e-08
-0.059917 -0.030409 0.07601 1 -0.0012928 -6.8513e-06 8.2049e-08
-0.059938 -0.030565 0.07601 1 -0.0022439 -5.7764e-06 8.1817e-08
-0.059916 -0.030404 0.076011 1 -0.0012202 -6.8474e-06 8.2059e-08
-0.059937 -0.030546 0.07601 1 -0.0020372 -5.7245e-06 8.1857e-08
-0.059942 -0.030546 0.07601 1 -0.0020146 -5.714e-06 8.1846e-08
-0.030105 -0.03025 0.075983 0.99998 -0.0058315 -3.0459e-06 8.2157e-08
-0.030089 -0.030152 0.075984 0.99997 -0.00806 2.3611e-06 8.2261e-08
-0.030089 -0.030152 0.075984 0.99997 -0.00806 2.3611e-06 8.2261e-08
-0.030089 -0.030152 0.075984 0.99997 -0.00806 2.3611e-06 8.2261e-08
-0.030089 -0.030152 0.075984 0.99997 -0.008103 2.2402e-06 8.2261e-08
-0.030103 -0.030133 0.075985 0.99997 -0.008077 3.9839e-06 8.2305e-08
-0.030107 -0.030147 0.075984 0.99997 -0.0078468 3.7451e-06 8.2284e-08
-0.030098 -0.030137 0.075985 0.99997 -0.0078739 3.6522e-06 8.2293e-08
-0.030084 -0.030314 0.075983 0.99999 -0.0054626 5.5242e-06 8.2344e-08
-0.030098 -0.030137 0.075985 0.99997 -0.0079035 3.5282e-06 8.2296e-08
-0.00011071 -0.030052 0.075983 -0.0029322 1 7.4716e-06 8.2474e-08
-0.00012042 -0.030066 0.075984 -0.0028535 1 -3.1531e-06 8.2297e-08
-0.00027557 -0.03009 0.075983 -0.0009021 1 -3.5703e-06 8.2236e-08
-0.0001206 -0.030063 0.075985 -0.0028487 1 -3.3139e-06 8.2304e-08
-0.00010383 -0.030082 0.075981 -0.0026316 1 -7.1203e-06 8.2592e-08
-0.00010383 -0.030082 0.075981 -0.0026316 1 -7.1203e-06 8.2592e-08
-0.00011036 -0.030082 0.075981 -0.0026917 1 -7.1744e-06 8.2596e-08
-0.00012042 -0.030066 0.075984 -0.0028535 1 -3.1531e-06 8.2297e-08
-9.7282e-05 -0.030081 0.075981 -0.002726 1 -7.034e-06 8.2594e-08
-1.2365e-05 -0.030054 0.075984 -0.00084984 1 -3.764e-06 8.2253e-08
0.029925 -0.030334 0.075991 0.99994 -0.011391 4.6164e-06 8.2187e-08
0.029937 -0.030322 0.075991 0.99994 -0.011366 4.5393e-06 8.2162e-08
0.029992 -0.030325 0.07599 0.99994 -0.010978 3.9784e-06 8.2073e-08
0.029966 -0.030251 0.075991 0.99992 -0.012352 5.0317e-06 8.2251e-08
0.029985 -0.030326 0.075991 0.99994 -0.011401 4.4239e-06 8.2127e-08
0.029926 -0.030336 0.075991 0.99994 -0.011317 4.7186e-06 8.2187e-08
0.029842 -0.03036 0.075991 0.99994 -0.011028 5.0822e-06 8.2202e-08
0.029867 -0.030298 0.07599 0.99993 -0.011587 5.2598e-06 8.2198e-08
0.029899 -0.030369 0.07599 0.99995 -0.010322 5.2044e-06 8.2178e-08
0.029849 -0.030346 0.07599 0.99994 -0.011086 5.1721e-06 8.2193e-08
0.059802 -0.030329 0.076005 0.99994 -0.011348 5.8911e-06 8.1649e-08
0.059804 -0.030314 0.076006 0.99994 -0.01137 5.8677e-06 8.1675e-08
0.05978 -0.030498 0.075996 0.99995 -0.010293 6.0741e-06 8.1397e-08
0.059809 -0.030302 0.076005 0.99994 -0.011376 5.9619e-06 8.1706e-08
0.059799 -0.03029 0.076008 0.99993 -0.011663 6.0307e-06 8.1771e-08
0.059799 -0.030312 0.076008 0.99993 -0.011499 6.0277e-06 8.1746e-08
0.059779 -0.030496 0.075996 0.99995 -0.010347 6.109e-06 8.1403e-08
0.059901 -0.030365 0.076004 0.99998 -0.0068332 6.4939e-06 8.1479e-08
0.059869 -0.030438 0.076005 0.99997 -0.0072268 6.6664e-06 8.1394e-08
0.059776 -0.030426 0.076006 0.99994 -0.011127 6.0352e-06 8.15e-08
-0.059736 -0.060539 0.076 0.99999 0.005092 -7.1108e-06 8.2195e-08
-0.059824 -0.060574 0.075988 0.99999 0.0048635 -8.3077e-06 8.2218e-08
-0.059736 -0.060539 0.076 0.99999 0.005092 -7.1108e-06 8.2195e-08
-0.059824 -0.060576 0.075988 0.99999 0.0048389 -8.3035e-06 8.2217e-08
-0.059725 -0.060637 0.075991 0.99999 0.003913 -1.0056e-05 8.2477e-08
-0.059725 -0.060637 0.075991 0.99999 0.003913 -1.0056e-05 8.2477e-08
-0.059825 -0.060576 0.075988 0.99999 0.0048636 -8.2969e-06 8.2216e-08
-0.059825 -0.060576 0.075988 0.99999 0.0048636 -8.2969e-06 8.2216e-08
-0.059826 -0.060581 0.075988 0.99999 0.0049742 -8.3013e-06 8.2214e-08
-0.059726 -0.060616 0.075992 0.99999 0.0038255 -1.0033e-05 8.2487e-08
-0.030246 -0.060421 0.07598 0.99997 -0.0079663 -3.6733e-06 8.2703e-08
-0.030218 -0.060355 0.075982 0.99997 -0.0071222 6.6513e-06 8.254e-08
-0.03021 -0.060356 0.075983 0.99997 -0.007193 6.1111e-06 8.257e-08
-0.030242 -0.060427 0.07598 0.99997 -0.0080597 -5.7808e-06 8.2744e-08
-0.030242 -0.060427 0.07598 0.99997 -0.0080597 -5.7808e-06 8.2744e-08
-0.030235 -0.060428 0.075981 0.99997 -0.0080748 -6.0571e-06 8.2766e-08
-0.030129 -0.060181 0.075983 0.99996 -0.00924 8.0431e-06 8.2654e-08
-0.030154 -0.060264 0.075982 0.99995 -0.010158 3.6198e-06 8.2862e-08
-0.030129 -0.060181 0.075983 0.99996 -0.00924 8.0431e-06 8.2654e-08
-0.03023 -0.060187 0.075981 0.99995 -0.0096887 8.5181e-06 8.2565e-08
-0.00029122 -0.05987 0.076011 -0.0045502 0.99999 -7.4829e-06 8.1834e-08
-0.00029884 -0.059881 0.076012 -0.0020264 1 -7.4744e-06 8.1842e-08
-0.00029884 -0.059881 0.076012 -0.0020264 1 -7.4744e-06 8.1842e-08
-0.00032306 -0.059868 0.076011 -0.0039105 0.99999 -7.4523e-06 8.184e-08
-0.00036244 -0.059878 0.076011 -0.0021594 1 -7.3672e-06 8.1839e-08
-0.00010716 -0.059868 0.07601 -0.0014712 1 -7.6658e-06 8.176e-08
-5.9815e-05 -0.059859 0.07601 -0.0034707 0.99999 -7.7612e-06 8.1762e-08
-8.9541e-06 -0.059861 0.076011 -0.0032858 0.99999 -7.8543e-06 8.177e-08
-0.00025432 -0.059877 0.076012 -0.0018423 1 -7.4244e-06 8.184e-08
-0.0002235 -0.05987 0.076012 -0.0036628 0.99999 -7.6495e-06 8.1847e-08
0.029988 -0.060345 0.075987 0.99994 -0.010969 5.6013e-06 8.2369e-08
0.029836 -0.060395 0.075986 0.99993 -0.011726 6.2553e-06 8.2447e-08
0.029834 -0.060404 0.075986 0.99993 -0.011837 5.9613e-06 8.2463e-08
0.02982 -0.060376 0.075986 0.99993 -0.011523 5.2002e-06 8.2489e-08
0.029835 -0.060393 0.075986 0.99993 -0.011595 6.3532e-06 8.2443e-08
0.029829 -0.06039 0.075986 0.99993 -0.011918 6.0849e-06 8.2468e-08
0.029833 -0.060405 0.075986 0.99993 -0.011839 5.9736e-06 8.2462e-08
0.030067 -0.06028 0.075987 0.99995 -0.010313 3.9962e-06 8.2167e-08
0.030048 -0.06031 0.075987 0.99994 -0.010704 -3.9155e-06 8.2232e-08
0.029983 -0.060346 0.075987 0.99994 -0.010893 5.6337e-06 8.2371e-08
0.059621 -0.060282 0.076009 0.99988 -0.015406 6.1526e-06 8.1083e-08
0.059611 -0.06025 0.076006 0.99988 -0.015776 5.9995e-06 8.1e-08
0.059619 -0.06024 0.076009 0.99988 -0.015732 5.8743e-06 8.1097e-08
0.059654 -0.060517 0.076007 0.9999 -0.014426 4.8185e-06 8.1235e-08
0.059628 -0.060278 0.076004 0.99988 -0.015577 6.0697e-06 8.1062e-08
0.059621 -0.060438 0.076008 0.99989 -0.014735 5.602e-06 8.1047e-08
0.059627 -0.060272 0.076004 0.99988 -0.015718 5.7014e-06 8.1073e-08
0.059654 -0.060065 0.076008 0.99986 -0.016463 5.7541e-06 8.1328e-08
0.059619 -0.060178 0.07601 0.99987 -0.016047 5.8388e-06 8.1122e-08
0.059621 -0.06003 0.076009 0.99986 -0.016625 6.3188e-06 8.1149e-08
