-0.059717 0.059097 0.076014 0.99994 -0.010508 -8.6899e-06 8.0208e-08
-0.059717 0.059103 0.076014 0.99994 -0.010512 -8.6994e-06 8.0207e-08
-0.059631 0.059073 0.076017 0.99999 -0.0046118 -1.0631e-05 8.0407e-08
-0.059679 0.058919 0.076014 0.99998 -0.0063354 -8.4212e-06 8.0191e-08
-0.059703 0.059283 0.076015 0.99995 -0.01039 -8.6457e-06 8.0135e-08
-0.059679 0.058907 0.076014 0.99998 -0.0063496 -8.417e-06 8.0195e-08
-0.059679 0.058907 0.076014 0.99998 -0.0063496 -8.417e-06 8.0195e-08
-0.059679 0.05891 0.076014 0.99998 -0.0063269 -8.4137e-06 8.0194e-08
-0.05971 0.05927 0.076014 0.99994 -0.010957 -8.7017e-06 8.0138e-08
-0.059712 0.059046 0.076014 0.99994 -0.010985 -8.6066e-06 8.0218e-08
-0.029981 0.05972 0.075994 0.99998 -0.0065775 5.8172e-06 8.1203e-08
-0.029845 0.059672 0.076008 0.99996 -0.0092185 6.5687e-06 8.1212e-08
-0.029842 0.059701 0.076009 0.99996 -0.008682 6.6621e-06 8.1203e-08
-0.029842 0.059701 0.076009 0.99996 -0.008682 6.6621e-06 8.1203e-08
-0.029839 0.059757 0.076009 0.99996 -0.0084617 6.4023e-06 8.1172e-08
-0.029841 0.059618 0.076009 0.99995 -0.0098831 6.4993e-06 8.1238e-08
-0.029841 0.059618 0.076009 0.99995 -0.0098831 6.4993e-06 8.1238e-08
-0.029874 0.059786 0.076006 0.99997 -0.0074228 5.9434e-06 8.1311e-08
-0.029966 0.059571 0.076007 0.99996 -0.0086705 6.514e-06 8.1186e-08
-0.02998 0.059638 0.075997 0.99997 -0.007439 5.6191e-06 8.1246e-08
-0.00067393 0.060254 0.075986 -0.0082551 0.99997 -5.5537e-06 8.2628e-08
-0.00068533 0.060258 0.075985 -0.0080892 0.99997 -5.8779e-06 8.2609e-08
-0.00068533 0.060258 0.075985 -0.0080892 0.99997 -5.8779e-06 8.2609e-08
-0.00068533 0.060258 0.075985 -0.0080892 0.99997 -5.8779e-06 8.2609e-08
-0.00068533 0.060258 0.075985 -0.0080892 0.99997 -5.8779e-06 8.2609e-08
-0.00072606 0.060217 0.075987 -0.0081238 0.99997 -4.9389e-06 8.2264e-08
-0.00068894 0.060254 0.075985 -0.0081189 0.99997 -5.5483e-06 8.2627e-08
-0.00072496 0.060213 0.075987 -0.0082046 0.99997 -4.6996e-06 8.2277e-08
-0.00061674 0.060217 0.075986 -0.0065062 0.99998 -5.0383e-06 8.2657e-08
-0.00060266 0.06021 0.075986 -0.006575 0.99998 -4.9529e-06 8.2675e-08
0.030098 0.059655 0.076008 1 0.0014954 -2.8735e-06 8.1625e-08
0.030102 0.059657 0.076008 1 0.0014959 -2.9376e-06 8.1618e-08
0.030214 0.059673 0.076007 1 -0.0023527 4.3934e-06 8.1374e-08
0.030026 0.059792 0.076007 1 -0.0012522 -2.2749e-06 8.1524e-08
0.030096 0.059833 0.076006 1 -0.0014694 4.673e-06 8.1333e-08
0.030024 0.059794 0.076007 1 -0.001309 -8.5107e-07 8.1534e-08
0.030031 0.059789 0.076006 1 -0.0012588 -2.6342e-06 8.1508e-08
0.030029 0.059783 0.076007 1 -0.0010642 -1.3458e-06 8.153e-08
0.03009 0.059839 0.076006 1 -0.0015076 5.1058e-06 8.1354e-08
0.030096 0.059825 0.076006 1 -0.0013492 4.7342e-06 8.1338e-08
0.059838 0.059472 0.076003 1 -0.0017154 5.6521e-06 8.0737e-08
0.059729 0.059821 0.076004 1 -0.0015531 5.598e-06 8.083e-08
0.059838 0.059472 0.076003 1 -0.0017154 5.6521e-06 8.0737e-08
0.059715 0.059536 0.076005 1 -0.0002202 5.6394e-06 8.0766e-08
0.059719 0.059809 0.076006 1 -0.0015882 5.552e-06 8.0811e-08
0.05976 0.059912 0.076005 1 -0.0018106 5.3768e-06 8.1179e-08
0.059869 0.05981 0.076006 1 -0.0031236 5.2071e-06 8.1088e-08
0.059862 0.059728 0.076009 1 -0.0026979 5.5522e-06 8.1206e-08
0.059839 0.059486 0.076005 1 -0.0015681 5.4262e-06 8.0821e-08
0.059734 0.059553 0.076002 1 -0.00087826 5.4797e-06 8.0912e-08
-0.059803 0.029216 0.076011 0.99999 -0.0045057 -6.8744e-06 8.0957e-08
-0.059814 0.029211 0.07601 0.99999 -0.0045286 -6.9844e-06 8.096e-08
-0.059807 0.029217 0.076011 0.99999 -0.0044502 -6.8837e-06 8.0954e-08
-0.059814 0.029211 0.07601 0.99999 -0.0045286 -6.9844e-06 8.096e-08
-0.059811 0.029211 0.07601 0.99999 -0.004584 -6.9768e-06 8.0962e-08
-0.059811 0.029211 0.07601 0.99999 -0.004584 -6.9768e-06 8.0962e-08
-0.059811 0.029211 0.07601 0.99999 -0.004584 -6.9768e-06 8.0962e-08
-0.059811 0.029211 0.07601 0.99999 -0.004584 -6.9768e-06 8.0962e-08
-0.059707 0.029274 0.076015 0.99999 -0.0031985 -9.6442e-06 8.0846e-08
-0.05977 0.029369 0.076013 0.99999 -0.0031858 -8.4751e-06 8.1094e-08
-0.029744 0.029493 0.075985 0.99998 -0.0070373 7.5094e-06 8.1534e-08
-0.029744 0.029493 0.075985 0.99998 -0.0070373 7.5094e-06 8.1534e-08
-0.029767 0.029617 0.075984 0.99998 -0.0064195 6.5838e-06 8.1706e-08
-0.029766 0.029614 0.075984 0.99998 -0.0068705 6.4627e-06 8.173e-08
-0.029767 0.029617 0.075984 0.99998 -0.0064195 6.5838e-06 8.1706e-08
-0.029861 0.029476 0.075988 0.99997 -0.0072226 6.8987e-06 8.1746e-08
-0.029861 0.029481 0.075988 0.99998 -0.0068215 7.1291e-06 8.1726e-08
-0.029753 0.029637 0.075984 0.99998 -0.0058926 7.084e-06 8.1656e-08
-0.029758 0.029458 0.075985 0.99997 -0.008138 7.1745e-06 8.1594e-08
-0.029754 0.029469 0.075986 0.99997 -0.0078373 7.3604e-06 8.1574e-08
-0.00043213 0.029914 0.075987 0.0022923 1 8.3896e-06 8.1502e-08
-0.00063226 0.029953 0.075987 -0.00073751 1 8.3815e-06 8.1439e-08
-0.00042911 0.029923 0.075987 0.0024825 1 8.3253e-06 8.1495e-08
-0.00041309 0.029919 0.075988 0.0023524 1 8.1735e-06 8.1522e-08
-0.00070347 0.030056 0.075989 0.002638 1 8.0232e-06 8.1501e-08
-0.00044663 0.030152 0.075988 0.0055614 0.99998 9.038e-06 8.1332e-08
-0.00061397 0.029945 0.075987 -0.00073306 1 8.2964e-06 8.1476e-08
-0.00040313 0.029961 0.075989 0.0023934 1 9.2817e-06 8.1399e-08
-0.00029912 0.030147 0.075983 0.0031204 1 1.0375e-05 8.1573e-08
-0.00023723 0.030084 0.075987 0.0048322 0.99999 9.2755e-06 8.1302e-08
0.029991 0.029843 0.076012 1 -0.0027272 9.2523e-06 8.1216e-08
0.030009 0.029822 0.07601 1 -0.0020489 9.827e-06 8.1247e-08
0.030016 0.02983 0.07601 1 -0.0019681 9.8159e-06 8.1232e-08
0.030015 0.029815 0.07601 1 -0.0017493 9.7176e-06 8.1225e-08
0.030158 0.029801 0.076012 1 -0.0013128 9.4295e-06 8.1273e-08
0.030133 0.029829 0.076013 1 -0.0020258 8.8649e-06 8.123e-08
0.029991 0.029823 0.076012 1 -0.0022209 8.9884e-06 8.1179e-08
0.02999 0.029819 0.076012 1 -0.0021576 9.0383e-06 8.1183e-08
0.029991 0.02983 0.076012 1 -0.0025236 9.0955e-06 8.1206e-08
0.030004 0.029851 0.076011 1 -0.0025697 9.0119e-06 8.1176e-08
0.05987 0.029554 0.076013 0.99996 -0.0085011 1.0052e-05 8.1173e-08
0.059917 0.029723 0.07601 0.99996 -0.0088972 9.0422e-06 8.1096e-08
0.059869 0.029479 0.076013 0.99997 -0.0081015 9.9604e-06 8.1082e-08
0.059869 0.029554 0.076013 0.99996 -0.008558 1.0057e-05 8.1173e-08
0.059868 0.029479 0.076013 0.99997 -0.0081662 9.9667e-06 8.1084e-08
0.059855 0.029347 0.076013 0.99997 -0.0077644 9.9549e-06 8.0923e-08
0.059891 0.02937 0.076013 0.99998 -0.0067761 1.0187e-05 8.0919e-08
0.059855 0.029347 0.076013 0.99997 -0.0077644 9.9549e-06 8.0923e-08
0.059854 0.029347 0.076013 0.99997 -0.0077772 9.9729e-06 8.0927e-08
0.05989 0.029371 0.076013 0.99998 -0.0068215 1.0186e-05 8.0923e-08
-0.059559 -0.00086816 0.075992 0.99999 -0.0050546 2.681e-06 8.1017e-08
-0.059531 -0.00083858 0.075994 0.99999 -0.0048063 -2.9988e-06 8.0881e-08
-0.059565 -0.00098891 0.075996 0.99998 -0.0055437 1.5004e-06 8.1176e-08
-0.059559 -0.00086816 0.075992 0.99999 -0.0050546 2.681e-06 8.1017e-08
-0.059563 -0.00097345 0.07599 0.99998 -0.0056614 3.5134e-06 8.0974e-08
-0.059557 -0.00087131 0.075992 0.99999 -0.0050535 2.4536e-06 8.1028e-08
-0.059538 -0.00080551 0.075994 0.99999 -0.0048198 -2.4683e-06 8.0915e-08
-0.059559 -0.00086816 0.075992 0.99999 -0.0050546 2.681e-06 8.1017e-08
-0.059563 -0.00084072 0.075992 0.99999 -0.0051252 2.6917e-06 8.1044e-08
-0.059529 -0.00094969 0.075992 0.99999 -0.0054014 -2.1907e-06 8.0802e-08
-0.02998 -0.00057132 0.075979 0.99994 -0.010488 1.1037e-05 8.2688e-08
-0.029988 -0.00065866 0.075978 0.99994 -0.011044 1.2013e-05 8.2615e-08
-0.029974 -0.00058671 0.075979 0.99994 -0.010746 1.1007e-05 8.2687e-08
-0.029978 -0.00063572 0.075979 0.99993 -0.011608 1.1014e-05 8.2699e-08
-0.029937 -0.00069741 0.075979 0.99991 -0.013643 1.1741e-05 8.2595e-08
-0.029964 -0.00058916 0.07598 0.99994 -0.010812 1.1747e-05 8.2635e-08
-0.029938 -0.0006565 0.075979 0.99991 -0.013161 1.175e-05 8.2591e-08
-0.029938 -0.0006565 0.075979 0.99991 -0.013161 1.175e-05 8.2591e-08
-0.029938 -0.00065392 0.075979 0.99991 -0.013145 1.1758e-05 8.259e-08
-0.029922 -0.00060136 0.075981 0.99992 -0.012541 9.8149e-06 8.2251e-08
-6.2635e-05 -0.0002294 0.07601 0.99991 -0.013355 6.9436e-06 8.1401e-08
2.4239e-05 0.00010472 0.076013 0.99994 -0.011384 7.7142e-06 8.1471e-08
-4.7252e-05 -0.00030058 0.076007 0.99991 -0.013671 6.6787e-06 8.1614e-08
4.5353e-05 -0.00034244 0.076008 0.99992 -0.012701 7.5447e-06 8.1638e-08
2.5879e-05 -0.00041588 0.076011 0.99993 -0.011981 7.6868e-06 8.1408e-08
-4.554e-05 0.00014386 0.076013 0.99993 -0.012028 6.8499e-06 8.1458e-08
-5.3101e-05 -0.00029013 0.076006 0.99991 -0.013525 6.717e-06 8.16e-08
-4.7252e-05 -0.00030058 0.076007 0.99991 -0.013671 6.6787e-06 8.1614e-08
-6.2635e-05 -0.0002294 0.07601 0.99991 -0.013355 6.9436e-06 8.1401e-08
-6.2635e-05 -0.0002294 0.07601 0.99991 -0.013355 6.9436e-06 8.1401e-08
0.029933 -0.00039281 0.075991 0.99999 -0.0038108 7.2769e-06 8.1854e-08
0.029933 -0.00039281 0.075991 0.99999 -0.0038108 7.2769e-06 8.1854e-08
0.029923 -0.00025185 0.07599 0.99998 -0.0063341 7.5169e-06 8.1846e-08
0.029923 -0.00025185 0.07599 0.99998 -0.0063341 7.5169e-06 8.1846e-08
0.029933 -0.00039281 0.075991 0.99999 -0.0038108 7.2769e-06 8.1854e-08
0.029923 -0.00025185 0.07599 0.99998 -0.0063341 7.5169e-06 8.1846e-08
0.029981 -0.00039577 0.075986 0.99999 -0.0036736 8.9006e-06 8.21e-08
0.029966 -0.00028539 0.075991 0.99999 -0.0046768 7.309e-06 8.1833e-08
0.029923 -0.00025185 0.07599 0.99998 -0.0063341 7.5169e-06 8.1846e-08
0.029933 -0.00039281 0.075991 0.99999 -0.0038108 7.2769e-06 8.1854e-08
0.05973 -0.00037027 0.076007 0.99991 -0.013254 6.2598e-06 8.1137e-08
0.059726 -0.00033696 0.076006 0.99991 -0.013394 6.2359e-06 8.1127e-08
0.059685 -0.00032148 0.076009 0.9999 -0.013795 7.8054e-06 8.1363e-08
0.059685 -0.00032148 0.076009 0.9999 -0.013795 7.8054e-06 8.1363e-08
0.05968 -0.00074963 0.076009 0.99993 -0.011843 7.9549e-06 8.1376e-08
0.05968 -0.00072479 0.076009 0.99993 -0.011852 7.8405e-06 8.1358e-08
0.059678 -0.00075656 0.076009 0.99993 -0.011901 7.5794e-06 8.1346e-08
0.059727 -0.00046829 0.076007 0.99992 -0.013002 5.8408e-06 8.11e-08
0.059677 -0.00038839 0.076011 0.99991 -0.013293 7.8225e-06 8.1393e-08
0.059677 -0.00042085 0.07601 0.99991 -0.013121 7.8329e-06 8.1372e-08
-0.060011 -0.030469 0.076007 1 -0.0029556 -7.0296e-06 8.2001e-08
-0.060039 -0.030457 0.076004 1 -0.0027364 -7.1898e-06 8.1992e-08
-0.060038 -0.030461 0.075997 1 -0.0029291 -7.1962e-06 8.1966e-08
-0.060053 -0.030622 0.076004 0.99998 -0.0065517 -6.7807e-06 8.1749e-08
-0.060016 -0.030494 0.075993 0.99999 -0.0047133 -7.2254e-06 8.2003e-08
-0.060038 -0.03046 0.075998 1 -0.0029658 -7.2078e-06 8.197e-08
-0.059972 -0.030431 0.075998 0.99999 -0.0047589 -6.6529e-06 8.197e-08
-0.059943 -0.030602 0.076006 1 -0.0015848 -4.8311e-06 8.1812e-08
-0.059924 -0.030647 0.076009 1 -0.0018404 -5.416e-06 8.1716e-08
-0.05985 -0.030425 0.076009 1 -0.0026016 -5.6646e-06 8.1974e-08
-0.030082 -0.030201 0.075984 0.99996 -0.0084865 3.5166e-06 8.2193e-08
-0.030082 -0.0302 0.075984 0.99996 -0.0084366 3.5762e-06 8.2193e-08
-0.030082 -0.030201 0.075984 0.99996 -0.0084865 3.5166e-06 8.2193e-08
-0.030148 -0.030276 0.075983 0.99998 -0.0070215 2.952e-06 8.2042e-08
-0.030242 -0.030302 0.075986 0.99998 -0.0061452 5.0093e-06 8.2163e-08
-0.030088 -0.030332 0.075984 0.99998 -0.0055 1.9817e-06 8.2112e-08
-0.030082 -0.0302 0.075984 0.99996 -0.0084366 3.5762e-06 8.2193e-08
-0.030082 -0.0302 0.075984 0.99996 -0.0084366 3.5762e-06 8.2193e-08
-0.030091 -0.030184 0.075985 0.99997 -0.0082772 4.2646e-06 8.223e-08
-0.030093 -0.030368 0.075984 0.99998 -0.0058328 5.901e-06 8.2298e-08
-0.00028372 -0.030055 0.075982 0.001313 1 8.6559e-06 8.2394e-08
-9.8398e-05 -0.030033 0.075984 -0.00060902 1 8.1913e-06 8.2454e-08
-0.00020738 -0.030055 0.075983 0.0024731 1 8.5102e-06 8.2404e-08
-0.00030159 -0.030073 0.075983 -0.00099213 1 8.1082e-06 8.2425e-08
-0.00016992 -0.030057 0.075984 -0.0029867 1 7.9966e-06 8.2452e-08
-0.00016951 -0.030056 0.075984 -0.0031461 1 7.9474e-06 8.2459e-08
2.2034e-05 -0.030043 0.075983 0.00050618 1 7.9954e-06 8.2423e-08
-6.3708e-05 -0.030042 0.075983 -0.00088764 1 8.1358e-06 8.2414e-08
-0.00016558 -0.030054 0.075984 -0.0030116 1 8.0793e-06 8.2454e-08
9.7224e-06 -0.030045 0.075983 0.00013845 1 8.1763e-06 8.2412e-08
0.029928 -0.030294 0.075991 0.99993 -0.011493 4.7352e-06 8.2174e-08
0.029925 -0.030273 0.075992 0.99993 -0.011753 4.8354e-06 8.2234e-08
0.02999 -0.030275 0.075991 0.99993 -0.012118 4.7087e-06 8.2166e-08
0.029977 -0.030301 0.075991 0.99993 -0.011593 4.4758e-06 8.2132e-08
0.029977 -0.030285 0.075991 0.99993 -0.01156 4.7051e-06 8.214e-08
0.029984 -0.030287 0.075991 0.99993 -0.011671 4.5268e-06 8.2121e-08
0.02992 -0.030311 0.07599 0.99994 -0.0109 4.7927e-06 8.2066e-08
0.02992 -0.030311 0.07599 0.99994 -0.0109 4.7927e-06 8.2066e-08
0.029924 -0.030294 0.07599 0.99994 -0.010807 4.6394e-06 8.2056e-08
0.029923 -0.03029 0.075989 0.99994 -0.010905 4.7802e-06 8.2066e-08
0.059991 -0.030107 0.076007 0.99987 -0.016028 6.9381e-06 8.1503e-08
0.059991 -0.030107 0.076007 0.99987 -0.016028 6.9381e-06 8.1503e-08
0.059994 -0.030127 0.076007 0.99987 -0.015856 6.9979e-06 8.1518e-08
0.060011 -0.03011 0.076007 0.99988 -0.015585 6.8979e-06 8.1515e-08
0.060007 -0.030092 0.076007 0.99988 -0.015792 6.8373e-06 8.15e-08
0.059991 -0.030107 0.076007 0.99987 -0.016028 6.9381e-06 8.1503e-08
0.059992 -0.030117 0.076007 0.99987 -0.01595 6.948e-06 8.1506e-08
0.05994 -0.030229 0.076009 0.99987 -0.016258 7.3949e-06 8.1283e-08
0.059984 -0.030098 0.076007 0.99986 -0.016567 6.8916e-06 8.1521e-08
0.059986 -0.030111 0.076007 0.99986 -0.016437 6.8758e-06 8.1516e-08
-0.063507 -0.065783 0.07584 1 0.0021351 -3.5541e-05 5.6125e-11
-0.06347 -0.065784 0.07584 1 0.002119 -3.5471e-05 5.6125e-11
-0.06347 -0.065784 0.07584 1 0.0021078 -3.5478e-05 5.6125e-11
-0.06347 -0.065784 0.07584 1 0.0020981 -3.5474e-05 5.6125e-11
-0.063468 -0.065766 0.07584 1 0.0021792 -3.5478e-05 5.6125e-11
-0.063468 -0.065767 0.07584 1 0.0022438 -3.5481e-05 5.6125e-11
-0.063471 -0.065786 0.07584 1 0.0022196 -3.5471e-05 5.6125e-11
-0.063507 -0.065785 0.07584 1 0.0021764 -3.5533e-05 5.6125e-11
-0.063505 -0.065767 0.07584 1 0.0022366 -3.5551e-05 5.6125e-11
-0.063469 -0.065761 0.07584 1 0.0022817 -3.5481e-05 5.6125e-11
-0.031672 -0.06681 0.075833 1 -0.0026354 1.645e-05 5.6125e-11
-0.031655 -0.06681 0.075833 1 -0.0026349 1.6658e-05 5.6125e-11
-0.031655 -0.06681 0.075833 1 -0.002635 1.6648e-05 5.6125e-11
-0.031592 -0.06681 0.075833 1 -0.0026174 1.6836e-05 5.6125e-11
-0.031592 -0.066809 0.075833 1 -0.0026069 1.6831e-05 5.6125e-11
-0.031592 -0.06681 0.075833 1 -0.0025971 1.6836e-05 5.6125e-11
-0.0316 -0.066816 0.075833 1 -0.0025228 1.6904e-05 5.6125e-11
-0.031596 -0.066824 0.075833 1 -0.0023562 1.6847e-05 5.6125e-11
-0.031592 -0.066809 0.075833 1 -0.0024147 1.6915e-05 5.6125e-11
-0.031672 -0.06681 0.075833 1 -0.0024727 1.6488e-05 5.6125e-11
0.0008103 -0.063773 0.075839 -0.0004216 1 -3.6499e-05 5.6125e-11
0.00080988 -0.063772 0.075839 -0.00042777 1 -3.6502e-05 5.6125e-11
0.00081001 -0.063818 0.075839 -0.00043015 1 -3.6576e-05 5.6125e-11
0.00080996 -0.063816 0.075839 -0.00043215 1 -3.6572e-05 5.6125e-11
0.00076824 -0.063819 0.075839 -0.00040959 1 -3.6577e-05 5.6125e-11
0.00076793 -0.063776 0.075839 -0.00039332 1 -3.6507e-05 5.6125e-11
0.00077119 -0.063774 0.075839 -0.00038982 1 -3.6525e-05 5.6125e-11
0.00076791 -0.063821 0.075839 -0.00038021 1 -3.6577e-05 5.6125e-11
0.00081299 -0.063817 0.075839 -0.0004017 1 -3.659e-05 5.6125e-11
0.00081303 -0.063771 0.075839 -0.00043054 1 -3.6509e-05 5.6125e-11
0.031936 -0.066823 0.075834 1 0.0028959 -2.8527e-05 5.6125e-11
0.031928 -0.066821 0.075834 1 0.0028708 -2.8515e-05 5.6125e-11
0.031957 -0.066823 0.075834 1 0.0028901 -2.8515e-05 5.6125e-11
0.031958 -0.066827 0.075834 1 0.0029064 -2.8477e-05 5.6125e-11
0.031959 -0.066827 0.075834 1 0.0029151 -2.8475e-05 5.6125e-11
0.031964 -0.066814 0.075835 1 0.0029623 -2.7061e-05 5.6125e-11
0.031959 -0.066827 0.075834 1 0.002953 -2.8481e-05 5.6125e-11
0.031937 -0.066827 0.075834 1 0.002946 -2.8498e-05 5.6125e-11
0.031959 -0.066827 0.075834 1 0.0029424 -2.8463e-05 5.6125e-11
0.031937 -0.066827 0.075834 1 0.0029375 -2.8486e-05 5.6125e-11
0.06405 -0.065726 0.075842 1 -0.0029772 3.5354e-05 5.6125e-11
0.064171 -0.065753 0.075841 1 -0.0028978 3.5433e-05 5.6125e-11
0.064168 -0.065757 0.075841 1 -0.0028546 3.5443e-05 5.6125e-11
0.064172 -0.065758 0.075841 1 -0.0028156 3.5433e-05 5.6125e-11
0.064168 -0.065756 0.075841 1 -0.0027924 3.5433e-05 5.6125e-11
0.064164 -0.065757 0.075841 1 -0.0027765 3.5454e-05 5.6125e-11
0.064168 -0.065756 0.075841 1 -0.002764 3.5433e-05 5.6125e-11
0.064172 -0.065757 0.075841 1 -0.0027452 3.5421e-05 5.6125e-11
0.06417 -0.065739 0.075841 1 -0.0028263 3.543e-05 5.6125e-11
0.064092 -0.065744 0.075841 1 -0.0028444 3.5804e-05 5.6125e-11
