-0.059249 0.059201 0.076271 0.99974 -0.019904 -0.011214 8.0364e-08
-0.059424 0.059276 0.076267 0.99977 -0.019643 -0.0085986 8.0675e-08
-0.05929 0.059374 0.076313 0.99974 -0.020443 -0.010348 8.0438e-08
-0.059426 0.059235 0.076273 0.99977 -0.019403 -0.0085791 8.0706e-08
-0.059426 0.059253 0.076263 0.99976 -0.020161 -0.0086373 8.0672e-08
-0.059531 0.059409 0.076585 0.99973 -0.022408 -0.0060313 8.1554e-08
-0.059531 0.059409 0.076585 0.99973 -0.022408 -0.0060313 8.1554e-08
-0.059426 0.059253 0.076263 0.99976 -0.020161 -0.0086373 8.0672e-08
-0.059503 0.059745 0.076572 0.9997 -0.023587 -0.0065573 8.1374e-08
-0.059519 0.05949 0.07657 0.99974 -0.021885 -0.0061921 8.1474e-08
-0.029969 0.059707 0.075969 0.99987 -0.015565 0.0044407 8.1203e-08
-0.029936 0.059709 0.07599 0.99988 -0.015262 0.0035938 8.1181e-08
-0.029976 0.05975 0.075961 0.99986 -0.016313 0.0046336 8.1176e-08
-0.029956 0.05972 0.075974 0.99987 -0.015318 0.0041338 8.117e-08
-0.029923 0.059732 0.075995 0.99987 -0.016102 0.003225 8.1158e-08
-0.029923 0.059732 0.075995 0.99987 -0.016102 0.003225 8.1158e-08
-0.029922 0.05973 0.075994 0.99986 -0.016136 0.0032051 8.1157e-08
-0.029913 0.059737 0.075997 0.99987 -0.015851 0.00298 8.1145e-08
-0.029931 0.059609 0.076021 0.9999 -0.013688 0.0043751 8.1399e-08
-0.029879 0.059774 0.076074 0.99993 -0.011358 0.0033994 8.1367e-08
-0.0004148 0.060338 0.075216 -0.0019204 1 -0.002496 8.0152e-08
-0.00045167 0.060254 0.075189 -0.0041203 0.99999 -0.0014376 8.0035e-08
-0.00045663 0.060258 0.075234 -0.004132 0.99999 -0.0016108 8.0165e-08
-0.00058546 0.060403 0.074834 -0.001425 1 -0.0028051 7.9361e-08
-0.00050952 0.06037 0.075084 -0.0043467 0.99999 -0.0030927 8.0092e-08
-0.00047365 0.06036 0.075073 -0.0042734 0.99999 -0.0029037 8.0045e-08
-0.00064715 0.060331 0.07487 -0.0034917 0.99999 -0.0020481 7.9435e-08
-0.00043364 0.060205 0.0751 -0.0040471 0.99999 -0.0026835 7.9867e-08
-0.00045625 0.06026 0.075218 -0.0041108 0.99999 -0.0016184 8.0119e-08
-0.00039049 0.060433 0.075032 -0.0023104 0.99999 -0.0035976 7.9955e-08
0.029966 0.05984 0.076111 1 -0.00073115 0.0020714 8.1744e-08
0.029839 0.05998 0.076358 0.99998 -0.0043549 0.0043295 8.2291e-08
0.029964 0.059917 0.076212 0.99999 -0.0039955 0.00308 8.1747e-08
0.029889 0.059936 0.076267 0.99998 -0.0040949 0.0038884 8.1981e-08
0.029977 0.060016 0.076194 0.99999 -0.0036269 0.0016453 8.1973e-08
0.030034 0.059997 0.076141 0.99999 -0.0036083 0.00106 8.1765e-08
0.030063 0.059888 0.076088 0.99998 -0.0055559 0.0011159 8.1619e-08
0.030054 0.059699 0.075997 1 -0.0025343 0.0015762 8.137e-08
0.029958 0.059831 0.076113 1 -0.00064177 0.0021666 8.1758e-08
0.029949 0.059608 0.076081 0.99999 -0.0034294 0.0040431 8.143e-08
0.05914 0.059351 0.075783 0.99991 -0.0010196 0.013246 7.983e-08
0.059226 0.059574 0.075963 0.99992 0.0033762 0.011826 8.0319e-08
0.05914 0.059351 0.075783 0.99991 -0.0010196 0.013246 7.983e-08
0.059133 0.05935 0.075773 0.99991 -0.0011468 0.01339 7.9799e-08
0.05914 0.059351 0.075783 0.99991 -0.0010196 0.013246 7.983e-08
0.059133 0.05935 0.075773 0.99991 -0.0011468 0.01339 7.9799e-08
0.059133 0.05935 0.075773 0.99991 -0.0011468 0.01339 7.9799e-08
0.058968 0.059431 0.075839 0.99986 -0.00096267 0.01643 8.0111e-08
0.059137 0.059349 0.075793 0.99991 -0.00099776 0.013297 7.9861e-08
0.059103 0.059353 0.075665 0.9999 -0.0013396 0.014128 7.9479e-08
-0.059425 0.029252 0.076501 0.99995 -0.0059481 -0.0082782 8.1544e-08
-0.059414 0.029276 0.076407 0.99995 -0.0056588 -0.0086419 8.1297e-08
-0.059505 0.029258 0.076254 0.99995 -0.0062715 -0.0080755 8.1373e-08
-0.059507 0.029258 0.076233 0.99994 -0.0065367 -0.0082194 8.1321e-08
-0.059512 0.029249 0.076281 0.99995 -0.0066453 -0.0080444 8.1444e-08
-0.059522 0.029261 0.076273 0.99995 -0.0065454 -0.0078189 8.1412e-08
-0.059512 0.029249 0.076281 0.99995 -0.0066453 -0.0080444 8.1444e-08
-0.059512 0.029249 0.076281 0.99995 -0.0066453 -0.0080444 8.1444e-08
-0.059512 0.029249 0.076281 0.99995 -0.0066453 -0.0080444 8.1444e-08
-0.059323 0.029226 0.076329 0.99992 -0.0067198 -0.01065 8.1143e-08
-0.029902 0.02967 0.07573 0.99996 -0.0070243 0.0048666 8.0954e-08
-0.029871 0.029711 0.075654 0.99997 -0.0056207 0.004536 8.0733e-08
-0.029935 0.02983 0.075617 0.99995 -0.0074417 0.0064833 8.0803e-08
-0.029899 0.029679 0.075709 0.99997 -0.0068139 0.0048546 8.0896e-08
-0.029906 0.02967 0.07574 0.99996 -0.0071619 0.0048541 8.098e-08
-0.029902 0.02967 0.07573 0.99996 -0.0070243 0.0048666 8.0954e-08
-0.02987 0.029783 0.075612 0.99998 -0.0051934 0.0036684 8.0785e-08
-0.029941 0.029912 0.07556 0.99996 -0.0072473 0.0057347 8.0827e-08
-0.029873 0.029784 0.075603 0.99998 -0.0053283 0.0035804 8.0768e-08
-0.029849 0.029716 0.07554 0.99998 -0.0062206 0.0024778 8.0712e-08
-0.00036973 0.029426 0.075415 0.0009925 0.99997 0.0078303 7.9523e-08
-0.00034021 0.029581 0.075904 0.0015214 0.99999 0.0046027 8.0838e-08
-0.00034385 0.029562 0.075916 0.0014794 0.99999 0.0049875 8.0891e-08
-0.00034385 0.029562 0.075916 0.0014794 0.99999 0.0049875 8.0891e-08
-0.00034272 0.02958 0.07591 0.0015408 0.99999 0.0046155 8.0854e-08
-0.00034272 0.02958 0.07591 0.0015408 0.99999 0.0046155 8.0854e-08
-0.00034272 0.02958 0.07591 0.0015408 0.99999 0.0046155 8.0854e-08
-0.00031883 0.029616 0.07596 0.0013085 0.99999 0.0042167 8.1014e-08
-0.00051111 0.029627 0.075995 0.0042457 0.99998 0.0050303 8.1223e-08
-0.00034272 0.02958 0.07591 0.0015408 0.99999 0.0046155 8.0854e-08
0.029543 0.029715 0.076004 0.99996 -0.00045654 0.009357 8.1692e-08
0.029589 0.03003 0.076033 0.99996 0.0017409 0.0085173 8.1656e-08
0.029539 0.029698 0.076051 0.99996 -0.00024831 0.0093537 8.1826e-08
0.029514 0.029895 0.076097 0.99995 -0.00033736 0.0095829 8.1685e-08
0.029683 0.029872 0.076337 0.99996 0.00020097 0.0090452 8.2402e-08
0.029623 0.029717 0.075962 0.99996 -0.00046028 0.008706 8.1547e-08
0.029711 0.029709 0.07627 0.99996 -0.00026014 0.008568 8.2455e-08
0.029556 0.029874 0.076077 0.99995 4.3403e-05 0.010058 8.1694e-08
0.029571 0.029929 0.076183 0.99996 -0.0010335 0.0089436 8.1894e-08
0.029543 0.029715 0.076004 0.99996 -0.00045654 0.009357 8.1692e-08
0.059168 0.029668 0.076071 0.99974 -0.0085376 0.020998 8.0804e-08
0.059154 0.029674 0.076036 0.99974 -0.0086117 0.021308 8.0717e-08
0.05893 0.029561 0.076069 0.99967 -0.0092616 0.024052 8.0461e-08
0.059075 0.029527 0.075986 0.99977 -0.0077519 0.019873 8.046e-08
0.058947 0.029613 0.076098 0.99967 -0.0081039 0.024483 8.0478e-08
0.059154 0.029674 0.076036 0.99974 -0.0086117 0.021308 8.0717e-08
0.058947 0.029623 0.076081 0.99967 -0.0080974 0.024537 8.0425e-08
0.059284 0.029683 0.076051 0.99983 -0.0067016 0.017218 8.0857e-08
0.059055 0.029453 0.076009 0.99978 -0.0087222 0.01917 8.0569e-08
0.059413 0.029774 0.076136 0.99986 -0.0077396 0.014498 8.0993e-08
-0.059409 -0.00080577 0.075875 0.99994 -0.0043492 -0.0099143 8.0761e-08
-0.059356 -0.00074894 0.07583 0.9999 -0.0046303 -0.013446 8.0524e-08
-0.059401 -0.00091492 0.076102 0.99991 -0.0052408 -0.012099 8.131e-08
-0.059358 -0.00074123 0.075823 0.9999 -0.0045995 -0.0134 8.0501e-08
-0.059391 -0.00091089 0.0761 0.99991 -0.0051908 -0.012328 8.1308e-08
-0.059358 -0.00074123 0.075823 0.9999 -0.0045995 -0.0134 8.0501e-08
-0.059388 -0.00091209 0.07612 0.99991 -0.0051758 -0.012325 8.1359e-08
-0.059555 -0.00076718 0.076223 0.99994 -0.0052857 -0.0094142 8.1878e-08
-0.059575 -0.00077409 0.076185 0.99994 -0.0053888 -0.0091181 8.1802e-08
-0.059572 -0.00061351 0.075863 0.99994 -0.0047544 -0.0099298 8.0989e-08
-0.030232 -0.00031634 0.07555 0.99996 -0.0067721 0.0055034 8.0879e-08
-0.030252 -0.00033433 0.075533 0.99997 -0.0061347 0.0056266 8.0833e-08
-0.030164 -0.00031138 0.07542 0.99998 -0.0060471 0.0031713 8.0716e-08
-0.030167 -0.00034516 0.075647 0.99996 -0.0066679 0.005147 8.1417e-08
-0.030173 -0.0002241 0.075428 0.99999 -0.0044323 0.0031604 8.0772e-08
-0.03025 -0.00032661 0.075529 0.99997 -0.0059574 0.0056315 8.0816e-08
-0.030107 -0.00037046 0.075466 0.99997 -0.006365 0.0044739 8.0958e-08
-0.030196 -0.00029896 0.075381 0.99997 -0.0058173 0.0041386 8.0583e-08
-0.030193 -0.00035631 0.075428 0.99997 -0.0064534 0.0040092 8.0725e-08
-0.030142 -0.00035814 0.075614 0.99996 -0.0065494 0.0057798 8.1147e-08
-6.1573e-05 -0.0001487 0.076291 0.99997 -0.0065157 0.004249 8.2074e-08
-8.1714e-05 -0.00053674 0.076215 0.99996 -0.0080526 0.0044481 8.1854e-08
-6.0491e-05 -0.00014323 0.076295 0.99997 -0.0064321 0.0043079 8.2082e-08
-6.0491e-05 -0.00014323 0.076295 0.99997 -0.0064321 0.0043079 8.2082e-08
-6.0491e-05 -0.00014323 0.076295 0.99997 -0.0064321 0.0043079 8.2082e-08
-6.0491e-05 -0.00014323 0.076295 0.99997 -0.0064321 0.0043079 8.2082e-08
-4.9581e-05 -0.00014915 0.076289 0.99997 -0.0061601 0.0042052 8.2066e-08
-6.1573e-05 -0.0001487 0.076291 0.99997 -0.0065157 0.004249 8.2074e-08
-6.1573e-05 -0.0001487 0.076291 0.99997 -0.0065157 0.004249 8.2074e-08
-8.9935e-05 -0.00020597 0.076197 0.99997 -0.0063579 0.0045726 8.2052e-08
0.02954 -0.00019801 0.075874 0.99995 -0.006486 0.0079555 8.1478e-08
0.02968 -0.00013284 0.076045 0.99993 -0.0079056 0.0088091 8.2138e-08
0.029565 -0.00020422 0.075917 0.99995 -0.0064388 0.007774 8.1589e-08
0.029565 -0.00020422 0.075917 0.99995 -0.0064388 0.007774 8.1589e-08
0.02968 -0.00013284 0.076045 0.99993 -0.0079056 0.0088091 8.2138e-08
0.029565 -0.00020422 0.075917 0.99995 -0.0064388 0.007774 8.1589e-08
0.029565 -0.00020422 0.075917 0.99995 -0.0064388 0.007774 8.1589e-08
0.029565 -0.00020422 0.075917 0.99995 -0.0064388 0.007774 8.1589e-08
0.02954 -0.00019801 0.075874 0.99995 -0.006486 0.0079555 8.1478e-08
0.02954 -0.00019801 0.075874 0.99995 -0.006486 0.0079555 8.1478e-08
0.059039 -0.00057593 0.075682 0.99979 -0.013643 0.01548 7.9891e-08
0.059042 -0.00046984 0.075746 0.99978 -0.014172 0.015631 8.0081e-08
0.059019 -0.00072939 0.0756 0.99979 -0.012894 0.015813 7.9943e-08
0.058937 -0.00043164 0.07575 0.99971 -0.013685 0.019564 7.9926e-08
0.059263 -0.00037943 0.075937 0.99983 -0.014038 0.012326 8.0991e-08
0.059142 -0.0005794 0.075828 0.9998 -0.013759 0.01426 8.0513e-08
0.059156 -0.00065049 0.075805 0.99981 -0.013338 0.014188 8.0468e-08
0.059039 -0.00043404 0.075928 0.99978 -0.014433 0.015521 8.0548e-08
0.059048 -0.00046364 0.075739 0.99978 -0.014204 0.01547 8.0067e-08
0.059025 -0.00041323 0.075763 0.99977 -0.014494 0.015663 8.0096e-08
-0.059746 -0.030524 0.076295 0.99997 0.0021127 -0.0071684 8.24e-08
-0.059745 -0.030531 0.076282 0.99997 0.0023209 -0.007246 8.2363e-08
-0.059794 -0.030473 0.076161 0.99999 -5.264e-05 -0.0034796 8.2278e-08
-0.059749 -0.030534 0.076321 0.99997 0.0022912 -0.0072076 8.246e-08
-0.059745 -0.03047 0.076044 0.99999 0.00022839 -0.0044666 8.1997e-08
-0.059715 -0.030472 0.076229 0.99998 0.0011617 -0.0068149 8.2282e-08
-0.059718 -0.030478 0.076254 0.99998 0.0011064 -0.0067321 8.2342e-08
-0.059739 -0.03053 0.076286 0.99997 0.0022761 -0.0073527 8.2373e-08
-0.059676 -0.030467 0.07617 0.99997 0.0013446 -0.0076764 8.2152e-08
-0.059706 -0.030521 0.076272 0.99996 0.0024026 -0.0081226 8.2365e-08
-0.030134 -0.03025 0.075247 0.99998 -0.0060959 0.0019579 8.0499e-08
-0.030154 -0.030238 0.075288 0.99998 -0.0060657 0.0021081 8.0625e-08
-0.030154 -0.030238 0.075288 0.99998 -0.0060657 0.0021081 8.0625e-08
-0.030154 -0.030238 0.075288 0.99998 -0.0060657 0.0021081 8.0625e-08
-0.030152 -0.03024 0.075285 0.99998 -0.0061477 0.0020814 8.0615e-08
-0.030158 -0.030236 0.075286 0.99998 -0.0060377 0.0022048 8.0618e-08
-0.030139 -0.030248 0.075245 0.99998 -0.0060694 0.002057 8.0491e-08
-0.030139 -0.030248 0.075245 0.99998 -0.0060694 0.002057 8.0491e-08
-0.030139 -0.030248 0.075245 0.99998 -0.0060694 0.002057 8.0491e-08
-0.030134 -0.03025 0.075247 0.99998 -0.0060959 0.0019579 8.0499e-08
-0.00035065 -0.030216 0.075426 -0.0013345 1 0.0019039 8.1117e-08
-0.00013597 -0.030189 0.075486 -0.0042362 0.99999 0.0019492 8.1352e-08
-0.00017797 -0.030303 0.075301 -0.0049191 0.99998 0.0027314 8.0754e-08
-0.00013932 -0.030197 0.075476 -0.0042062 0.99999 0.0020448 8.1321e-08
-0.00023042 -0.030218 0.075481 -0.0033524 0.99999 0.0032342 8.1443e-08
-0.00018879 -0.03022 0.075475 -0.0031816 0.99999 0.003112 8.1426e-08
2.891e-05 -0.030148 0.075594 -0.00084819 1 0.0020813 8.1282e-08
3.5831e-05 -0.030152 0.075401 -0.00077168 1 0.0014492 8.1005e-08
-0.00017435 -0.030254 0.075359 -0.0044561 0.99999 0.0023537 8.0951e-08
-0.00023092 -0.030232 0.075426 -0.0029511 0.99999 0.0019717 8.1118e-08
0.02988 -0.030196 0.075666 0.99993 -0.012039 0.0021685 8.1327e-08
0.0299 -0.030229 0.075487 0.99993 -0.011594 0.0011769 8.0754e-08
0.029888 -0.030188 0.075665 0.99992 -0.012163 0.0020928 8.1325e-08
0.03008 -0.030168 0.075503 0.99993 -0.011572 0.00054324 8.0726e-08
0.029888 -0.030188 0.075665 0.99992 -0.012163 0.0020928 8.1325e-08
0.029892 -0.03019 0.075664 0.99992 -0.012165 0.0020128 8.1318e-08
0.029884 -0.030197 0.075664 0.99993 -0.012037 0.0020881 8.132e-08
0.02988 -0.030196 0.075666 0.99993 -0.012039 0.0021685 8.1327e-08
0.029871 -0.030275 0.075679 0.99994 -0.010757 0.001397 8.1271e-08
0.029876 -0.030269 0.075677 0.99994 -0.010845 0.0013184 8.1261e-08
0.059474 -0.030102 0.075479 0.99992 -0.010031 0.0075554 7.979e-08
0.059448 -0.030359 0.075618 0.99993 -0.0087868 0.0079216 8.0304e-08
0.059417 -0.030312 0.075586 0.99992 -0.0090113 0.0086154 8.0266e-08
0.059109 -0.030353 0.07568 0.99987 -0.0066569 0.014346 8.005e-08
0.059488 -0.030185 0.075794 0.99993 -0.0096139 0.0074294 8.1054e-08
0.059409 -0.030364 0.07571 0.99993 -0.0086842 0.0083278 8.0519e-08
0.059345 -0.03036 0.075566 0.99991 -0.0088787 0.0096826 8.01e-08
0.059095 -0.030418 0.075431 0.99985 -0.011553 0.012639 7.9586e-08
0.059367 -0.030406 0.075604 0.99992 -0.0087024 0.0089358 8.0054e-08
0.05941 -0.030195 0.075475 0.99992 -0.009772 0.0082995 7.9598e-08
-0.059372 -0.060575 0.075621 0.99997 -0.0015372 -0.0079401 8.0842e-08
-0.059478 -0.060644 0.075728 0.99997 -0.00023377 -0.0079642 8.1142e-08
-0.05948 -0.060632 0.075734 0.99997 -0.00023943 -0.0081497 8.1155e-08
-0.059489 -0.060632 0.075766 0.99997 -0.00026872 -0.0079682 8.1248e-08
-0.059489 -0.060632 0.075766 0.99997 -0.00026872 -0.0079682 8.1248e-08
-0.059148 -0.060565 0.075535 0.99996 -0.00064171 -0.0092271 8.0328e-08
-0.059022 -0.060566 0.075144 0.99992 -0.00084476 -0.012677 7.9197e-08
-0.059017 -0.060599 0.075144 0.99992 -0.0010133 -0.012813 7.9186e-08
-0.059023 -0.060573 0.07516 0.99992 -0.00089401 -0.0128 7.9236e-08
-0.059039 -0.060528 0.075198 0.99992 -0.00070674 -0.012496 7.9368e-08
-0.030283 -0.060173 0.075106 0.99999 -0.0034572 0.0010626 8.052e-08
-0.03019 -0.06031 0.075355 0.99998 -0.0056014 -0.00093987 8.1178e-08
-0.030104 -0.06032 0.075376 0.99999 -0.0049808 -0.00023831 8.1332e-08
-0.03019 -0.06031 0.075355 0.99998 -0.0056014 -0.00093987 8.1178e-08
-0.030321 -0.060339 0.075359 0.99998 -0.0051758 0.0024263 8.1254e-08
-0.03019 -0.06031 0.075355 0.99998 -0.0056014 -0.00093987 8.1178e-08
-0.030192 -0.060306 0.075356 0.99998 -0.0055098 -0.00090438 8.1184e-08
-0.030171 -0.060313 0.07537 0.99998 -0.0057922 -0.0014272 8.1231e-08
-0.030192 -0.060306 0.075356 0.99998 -0.0055098 -0.00090438 8.1184e-08
-0.03019 -0.06031 0.075355 0.99998 -0.0056014 -0.00093987 8.1178e-08
-0.00010862 -0.059457 0.07622 -0.0038149 0.99996 -0.0077287 8.1813e-08
-0.00015551 -0.05946 0.0762 -0.0043202 0.99996 -0.0076657 8.1746e-08
-0.00031079 -0.059451 0.076439 -0.0060845 0.99995 -0.00763 8.2404e-08
-7.5286e-05 -0.059452 0.076274 -0.0045907 0.99995 -0.0088154 8.1882e-08
-0.00025769 -0.059569 0.076196 -0.0049292 0.99996 -0.0074494 8.1962e-08
-0.00022325 -0.059546 0.076368 -0.0045551 0.99996 -0.0075309 8.2327e-08
-0.00032847 -0.059645 0.076327 -0.0045303 0.99998 -0.0051072 8.2288e-08
-0.00032847 -0.059645 0.076327 -0.0045303 0.99998 -0.0051072 8.2288e-08
-0.000344 -0.059698 0.076313 -0.0039494 0.99999 -0.0034148 8.2378e-08
-0.00034437 -0.059694 0.07632 -0.0039155 0.99999 -0.0034624 8.2394e-08
0.029758 -0.059997 0.075037 0.99997 -0.0082954 0.00041173 7.9531e-08
0.029752 -0.060131 0.075123 0.99995 -0.010006 0.00063776 7.9791e-08
0.02988 -0.060008 0.074971 0.99995 -0.0090363 -0.0034776 7.9679e-08
0.029857 -0.06017 0.075087 0.99993 -0.011217 -0.0030967 8.0036e-08
0.029846 -0.060171 0.075035 0.99994 -0.010882 -0.0030364 7.9865e-08
0.029875 -0.060177 0.07512 0.99993 -0.011289 -0.003273 8.0143e-08
0.029887 -0.060174 0.07508 0.99993 -0.011075 -0.0032572 8.0009e-08
0.029898 -0.060173 0.07512 0.99993 -0.011322 -0.0032787 8.0135e-08
0.02989 -0.060174 0.075074 0.99993 -0.011156 -0.0033273 7.9994e-08
0.029911 -0.060169 0.07506 0.99993 -0.01118 -0.0033242 7.994e-08
0.059404 -0.060043 0.075918 0.9998 -0.019376 0.0056409 8.0756e-08
0.059424 -0.060023 0.075892 0.9998 -0.019446 0.0052782 8.0666e-08
0.059429 -0.060051 0.075946 0.9998 -0.019344 0.005022 8.0809e-08
0.059424 -0.060023 0.075892 0.9998 -0.019446 0.0052782 8.0666e-08
0.059386 -0.060113 0.076007 0.99979 -0.019217 0.0066171 8.1005e-08
0.059429 -0.060051 0.075946 0.9998 -0.019344 0.005022 8.0809e-08
0.059272 -0.059924 0.075518 0.99976 -0.019631 0.010167 7.9643e-08
0.059473 -0.060081 0.075928 0.9998 -0.019264 0.0044837 8.0858e-08
0.059288 -0.060116 0.075468 0.99978 -0.018362 0.010051 7.9479e-08
0.05945 -0.060182 0.075708 0.99982 -0.018363 0.0053054 8.0181e-08
