-0.059475 0.059359 0.076418 0.99996 -0.0051866 -0.0077756 8.0952e-08
-0.059467 0.059327 0.076434 0.99995 -0.0055619 -0.0078378 8.0981e-08
-0.059384 0.059382 0.076405 0.99989 -0.010365 -0.010951 8.0746e-08
-0.059401 0.059451 0.07645 0.9999 -0.0096172 -0.010696 8.0898e-08
-0.059469 0.059546 0.076773 0.99991 -0.010346 -0.0081977 8.1678e-08
-0.059391 0.059382 0.076415 0.99989 -0.010168 -0.010805 8.078e-08
-0.059443 0.059214 0.076445 0.99992 -0.0074576 -0.0099304 8.1003e-08
-0.059522 0.059636 0.076839 0.99993 -0.0097737 -0.0073276 8.1939e-08
-0.059566 0.059604 0.07647 0.99992 -0.0099861 -0.0082022 8.123e-08
-0.059423 0.059206 0.076362 0.99989 -0.010267 -0.010807 8.0763e-08
-0.030084 0.05996 0.076222 0.99986 -0.015617 0.0054681 8.2e-08
-0.030112 0.059778 0.076134 0.99989 -0.013625 0.0054077 8.1722e-08
-0.030094 0.059794 0.076014 0.9999 -0.013895 0.0018868 8.139e-08
-0.030112 0.059779 0.076134 0.99989 -0.013596 0.0054237 8.1723e-08
-0.030119 0.059822 0.076157 0.99987 -0.015073 0.0051706 8.1771e-08
-0.03007 0.05982 0.076154 0.99988 -0.014724 0.0042857 8.1674e-08
-0.030095 0.059716 0.076134 0.99989 -0.014571 0.0028885 8.1445e-08
-0.030097 0.059701 0.076132 0.99988 -0.014938 0.002924 8.1448e-08
-0.029948 0.059701 0.075925 0.99989 -0.014694 -0.0017321 8.114e-08
-0.030063 0.059815 0.076011 0.99991 -0.013192 0.0014343 8.132e-08
-0.00085758 0.060388 0.075335 -0.00084702 1 -0.0026912 8.0996e-08
-0.00080972 0.060129 0.075167 -0.0030921 1 -0.00028776 8.0582e-08
-0.00062056 0.06013 0.07508 -0.0037732 0.99999 0.0020334 8.0162e-08
-0.00058079 0.060125 0.07507 -0.0039799 0.99999 0.0021363 8.013e-08
-0.00057071 0.060208 0.075254 -0.0015927 1 0.00041105 8.0344e-08
-0.00062932 0.06008 0.074996 -0.0036494 0.99999 0.00079784 8.0013e-08
-0.00078409 0.060084 0.074978 -0.002443 1 0.00039529 7.9681e-08
-0.00059226 0.060232 0.075006 -0.0019233 1 -0.0016202 8.003e-08
-0.00066931 0.060062 0.075259 -0.0032614 0.99999 0.00029716 8.0454e-08
-0.00061404 0.060085 0.074961 -0.0037016 0.99999 0.00077531 7.9911e-08
0.029893 0.05996 0.076102 0.99998 -0.0056443 0.0018596 8.1705e-08
0.0299 0.059956 0.076096 0.99998 -0.0056139 0.001766 8.1678e-08
0.029894 0.059926 0.07607 0.99998 -0.005294 0.001824 8.1604e-08
0.029899 0.059958 0.0761 0.99998 -0.005662 0.001772 8.1691e-08
0.029901 0.059765 0.076252 0.99996 -0.0083655 0.0019356 8.2271e-08
0.029901 0.059765 0.076252 0.99996 -0.0083655 0.0019356 8.2271e-08
0.029889 0.05993 0.076088 0.99998 -0.0052765 0.0018877 8.1665e-08
0.029889 0.05993 0.076088 0.99998 -0.0052765 0.0018877 8.1665e-08
0.029882 0.059929 0.07609 0.99998 -0.0052186 0.0019947 8.1677e-08
0.029886 0.059927 0.076075 0.99998 -0.005275 0.001937 8.1626e-08
0.059056 0.059442 0.075662 0.99992 0.00022456 0.012807 7.9526e-08
0.058974 0.059109 0.075317 0.99988 0.0016151 0.015279 7.8625e-08
0.058969 0.059113 0.075314 0.99988 0.0014384 0.015367 7.8613e-08
0.059086 0.059458 0.075779 0.99993 0.00027923 0.011967 7.985e-08
0.059069 0.059315 0.075675 0.99992 0.0012386 0.012588 7.9588e-08
0.059069 0.059315 0.075675 0.99992 0.0012386 0.012588 7.9588e-08
0.059065 0.059323 0.075675 0.99992 0.0010323 0.012649 7.9583e-08
0.059091 0.05946 0.075783 0.99993 0.00043206 0.011875 7.9865e-08
0.059088 0.05946 0.075787 0.99993 0.00044606 0.011938 7.9881e-08
0.059122 0.05927 0.076019 0.99994 0.0018848 0.011096 8.0642e-08
-0.059167 0.029277 0.076409 0.99991 -0.0062817 -0.011906 8.1581e-08
-0.059384 0.029357 0.076324 0.99995 -0.0058336 -0.0086993 8.1729e-08
-0.059571 0.029231 0.076183 0.99997 -0.0063592 -0.0054058 8.1303e-08
-0.059612 0.029263 0.076312 0.99997 -0.0058807 -0.004147 8.1589e-08
-0.059616 0.029257 0.076358 0.99997 -0.0059138 -0.004011 8.1712e-08
-0.059566 0.029239 0.076136 0.99996 -0.0062651 -0.0055695 8.1181e-08
-0.059384 0.029357 0.076324 0.99995 -0.0058336 -0.0086993 8.1729e-08
-0.059637 0.029256 0.076466 0.99998 -0.0059346 -0.0033297 8.1966e-08
-0.059571 0.029231 0.076183 0.99997 -0.0063592 -0.0054058 8.1303e-08
-0.059571 0.029231 0.076183 0.99997 -0.0063592 -0.0054058 8.1303e-08
-0.029978 0.029709 0.075573 0.99993 -0.0095323 0.0064622 8.0913e-08
-0.029945 0.029819 0.075454 0.99996 -0.0077718 0.0053093 8.0735e-08
-0.029965 0.029881 0.075503 0.99996 -0.0067687 0.0063997 8.0761e-08
-0.030138 0.029863 0.075773 0.99996 -0.0060024 0.0072811 8.1491e-08
-0.030138 0.029863 0.075773 0.99996 -0.0060024 0.0072811 8.1491e-08
-0.030064 0.029675 0.075732 0.99998 -0.0052668 0.0043562 8.135e-08
-0.03019 0.02975 0.075938 0.99993 -0.0079661 0.008936 8.1773e-08
-0.029909 0.029757 0.075529 0.99998 -0.0049579 0.0045353 8.0676e-08
-0.030008 0.02976 0.075652 0.99993 -0.0087345 0.0077969 8.1009e-08
-0.029898 0.02962 0.07555 0.99997 -0.0068676 0.0044179 8.0692e-08
-0.00042869 0.029509 0.075806 0.0029548 0.99996 0.0079695 8.0927e-08
-9.2732e-05 0.029518 0.075723 0.0017542 0.99995 0.010079 8.0786e-08
-0.00041852 0.029391 0.075355 0.0024662 0.99992 0.012677 7.9801e-08
-0.00042209 0.029473 0.075395 0.0023457 0.99994 0.010737 7.976e-08
-0.00038906 0.029477 0.075803 0.0024087 0.99996 0.0086521 8.0952e-08
-0.00022588 0.029477 0.075632 0.0044672 0.99994 0.0099629 8.0457e-08
-0.00039031 0.029515 0.075808 0.0025244 0.99997 0.007757 8.0914e-08
-0.00039056 0.029537 0.075824 0.0025194 0.99997 0.0072229 8.0929e-08
-0.00042703 0.02948 0.075769 0.0028518 0.99996 0.0081863 8.0792e-08
-0.00039056 0.029537 0.075824 0.0025194 0.99997 0.0072229 8.0929e-08
0.029751 0.029686 0.076186 0.99997 0.00032723 0.0079718 8.2174e-08
0.029712 0.029696 0.07631 0.99996 -8.9299e-05 0.0085351 8.2572e-08
0.029765 0.029681 0.076161 0.99997 0.00052269 0.0080449 8.2107e-08
0.029579 0.029729 0.076085 0.99996 -0.00092104 0.0089764 8.1914e-08
0.029904 0.029823 0.076065 0.99996 -0.0025273 0.0085974 8.1897e-08
0.029556 0.029825 0.076022 0.99994 -0.0028149 0.010315 8.1873e-08
0.029552 0.029707 0.076117 0.99996 -0.00059619 0.0093406 8.2041e-08
0.029537 0.029698 0.07605 0.99995 -0.00035464 0.0099673 8.1907e-08
0.029724 0.029877 0.075863 0.99996 1.3578e-05 0.0092131 8.1014e-08
0.029537 0.029868 0.076093 0.99995 0.00016976 0.010251 8.1765e-08
0.058985 0.029697 0.076095 0.99978 -0.0042949 0.02046 8.0558e-08
0.059251 0.029739 0.076137 0.99985 -0.0031686 0.016978 8.1038e-08
0.059081 0.029533 0.076086 0.99977 -0.0058048 0.020883 8.0712e-08
0.059407 0.029647 0.075927 0.99989 -0.0030433 0.014214 8.042e-08
0.05927 0.029725 0.076176 0.99986 -0.0036628 0.016216 8.1156e-08
0.059262 0.029763 0.076045 0.99985 -0.0038788 0.016648 8.0801e-08
0.059258 0.029754 0.076049 0.99985 -0.0038161 0.016737 8.0819e-08
0.059156 0.029706 0.076065 0.99982 -0.0040436 0.018315 8.0931e-08
0.059184 0.029685 0.076057 0.99983 -0.0040653 0.017919 8.0961e-08
0.059166 0.029712 0.076071 0.99983 -0.0039341 0.018198 8.0944e-08
-0.059558 -0.00064825 0.075849 0.99995 -0.0030403 -0.0090313 8.0942e-08
-0.060044 -0.00065471 0.076019 0.99999 -0.0036732 0.001596 8.1277e-08
-0.0594 -0.00082412 0.075848 0.99995 -0.0026074 -0.0093123 8.0665e-08
-0.059325 -0.00077342 0.075809 0.99991 -0.0027904 -0.012988 8.0472e-08
-0.059329 -0.00076594 0.075803 0.99991 -0.0027604 -0.012893 8.0451e-08
-0.059325 -0.00077342 0.075809 0.99991 -0.0027904 -0.012988 8.0472e-08
-0.059325 -0.00077342 0.075809 0.99991 -0.0027904 -0.012988 8.0472e-08
-0.059549 -0.00077244 0.075887 0.99996 -0.0031056 -0.0082921 8.0593e-08
-0.059405 -0.00064637 0.07575 0.99991 -0.0065362 -0.012082 8.0335e-08
-0.059328 -0.00078216 0.075867 0.99992 -0.0027744 -0.012728 8.0618e-08
-0.030241 -0.00024543 0.075404 0.99996 -0.0070815 0.0047949 8.0698e-08
-0.030274 -0.00023543 0.075343 0.99996 -0.0069225 0.0054722 8.0518e-08
-0.030241 -0.00023769 0.075395 0.99997 -0.0068093 0.0047231 8.0705e-08
-0.030298 -0.00022087 0.075512 0.99995 -0.0074912 0.0067358 8.0826e-08
-0.030324 -0.00036698 0.075551 0.99994 -0.0089628 0.0068481 8.1017e-08
-0.030303 -0.00016581 0.075468 0.99995 -0.0069991 0.0068408 8.0697e-08
-0.030297 -0.00025443 0.075526 0.99995 -0.0070374 0.0066895 8.0893e-08
-0.030241 -0.00024135 0.075403 0.99996 -0.0070181 0.0048169 8.0694e-08
-0.030285 -0.00023539 0.075519 0.99996 -0.0069653 0.0064117 8.0859e-08
-0.030241 -0.00024135 0.075403 0.99996 -0.0070181 0.0048169 8.0694e-08
-0.00012934 8.5976e-06 0.076293 0.99993 -0.0077762 0.0084721 8.2394e-08
-7.1822e-05 -0.00033586 0.07623 0.99994 -0.0085215 0.0072456 8.1915e-08
-0.00013891 2.2078e-05 0.076287 0.9999 -0.01159 0.0085957 8.2414e-08
-5.6042e-05 -0.00011113 0.076345 0.99996 -0.0063203 0.0060222 8.2251e-08
-9.1746e-05 -0.0003399 0.076238 0.99995 -0.0083494 0.0063147 8.1934e-08
-6.8204e-05 -0.00010131 0.07633 0.99996 -0.0061903 0.0060352 8.2205e-08
-0.00016331 -1.2902e-05 0.076595 0.9999 -0.0114 0.0084944 8.2961e-08
-0.00013805 -0.00035361 0.076316 0.99994 -0.0081849 0.0066251 8.2114e-08
-0.00010448 -0.00010601 0.076327 0.99997 -0.0061641 0.0056523 8.2201e-08
-0.00017102 2.2536e-05 0.07642 0.99995 -0.0075541 0.0071417 8.251e-08
0.029666 -0.00015246 0.076067 0.99993 -0.0076694 0.0091792 8.2236e-08
0.029542 -0.00012717 0.075864 0.99992 -0.0078476 0.010159 8.1719e-08
0.029646 -0.00014894 0.076019 0.99992 -0.0076891 0.0098537 8.2166e-08
0.029674 -0.00028255 0.076051 0.99994 -0.0054875 0.0095633 8.2252e-08
0.029646 -0.00014894 0.076019 0.99992 -0.0076891 0.0098537 8.2166e-08
0.029646 -0.00014894 0.076019 0.99992 -0.0076891 0.0098537 8.2166e-08
0.029518 -0.00021826 0.075827 0.99994 -0.0061543 0.0095491 8.1505e-08
0.029542 -0.00012717 0.075864 0.99992 -0.0078476 0.010159 8.1719e-08
0.029498 -0.00021236 0.075794 0.99993 -0.0062022 0.0095743 8.1408e-08
0.029524 -0.00021803 0.075864 0.99995 -0.0062303 0.0084128 8.148e-08
0.059088 -0.00042118 0.075794 0.99979 -0.0090597 0.018596 7.989e-08
0.059039 -0.00046059 0.075814 0.99977 -0.0089389 0.019529 7.9981e-08
0.059113 -0.00041511 0.07578 0.9998 -0.0084021 0.018418 7.9872e-08
0.059189 -9.409e-05 0.075935 0.9998 -0.010093 0.01736 8.0679e-08
0.059264 -0.00028512 0.076026 0.99982 -0.0094394 0.016227 8.1093e-08
0.059205 -0.00044339 0.07594 0.99981 -0.0086583 0.017268 8.0696e-08
0.059046 -0.00061279 0.076016 0.99973 -0.013102 0.019437 8.0737e-08
0.059156 -0.00045971 0.075978 0.9998 -0.0094091 0.017698 8.0724e-08
0.058983 -0.00039177 0.075907 0.9997 -0.013998 0.020317 8.028e-08
0.058983 -0.00039177 0.075907 0.9997 -0.013998 0.020317 8.028e-08
-0.059939 -0.030658 0.076254 0.99998 -0.0028656 -0.0062021 8.2073e-08
-0.05986 -0.03046 0.07602 0.99999 -0.0033839 -0.003891 8.1926e-08
-0.059847 -0.030474 0.076143 0.99997 -0.0013029 -0.0079611 8.2048e-08
-0.059824 -0.03046 0.075874 0.99999 -0.0021217 -0.0043816 8.1575e-08
-0.059826 -0.030457 0.075882 0.99999 -0.0021642 -0.0043779 8.1595e-08
-0.059821 -0.030492 0.076057 0.99997 -0.00060029 -0.008149 8.1825e-08
-0.059801 -0.030464 0.075863 0.99999 -0.0030733 -0.0042651 8.1526e-08
-0.059814 -0.030502 0.076035 0.99997 -0.00036899 -0.0081278 8.1767e-08
-0.059665 -0.030666 0.075937 0.99995 0.0015068 -0.0095453 8.1332e-08
-0.059825 -0.030494 0.076059 0.99997 -0.00065895 -0.0080834 8.1826e-08
-0.030056 -0.030356 0.075449 0.99999 -0.0042052 0.0020625 8.1134e-08
-0.030025 -0.03038 0.075398 0.99999 -0.0040701 0.0016889 8.0962e-08
-0.030025 -0.03038 0.075398 0.99999 -0.0040701 0.0016889 8.0962e-08
-0.030025 -0.03038 0.075398 0.99999 -0.0040701 0.0016889 8.0962e-08
-0.030045 -0.030231 0.075412 0.99998 -0.0062967 0.0018754 8.0968e-08
-0.030015 -0.030271 0.075414 0.99998 -0.0056764 0.0011901 8.0938e-08
-0.03015 -0.030212 0.075352 0.99997 -0.0072731 0.0022155 8.0726e-08
-0.03004 -0.030235 0.075412 0.99998 -0.0062916 0.0017591 8.0973e-08
-0.030056 -0.030335 0.075397 0.99998 -0.0049638 0.0024552 8.103e-08
-0.030018 -0.030386 0.075397 0.99999 -0.0040549 0.0015342 8.0964e-08
-8.9745e-05 -0.030186 0.075622 -0.0030865 0.99999 0.0027662 8.1431e-08
-7.0328e-05 -0.030223 0.075575 -0.0032863 0.99999 0.00388 8.1401e-08
-6.4003e-05 -0.030187 0.075434 -0.0030586 0.99999 0.0023202 8.1189e-08
-9.0488e-05 -0.030264 0.075196 0.00099141 0.99999 0.0050925 8.0652e-08
-9.6074e-05 -0.030197 0.075264 0.0012043 0.99999 0.0029954 8.0653e-08
-6.8661e-05 -0.030183 0.075434 -0.0031176 0.99999 0.0022104 8.1188e-08
-0.00023175 -0.030252 0.075301 -0.0024771 1 0.0018439 8.0652e-08
-0.00017585 -0.030215 0.075392 -0.0020914 1 0.0021042 8.0998e-08
-0.00017608 -0.030207 0.075407 -0.0021793 1 0.0021392 8.1041e-08
-0.00012937 -0.030224 0.075337 -0.0037703 0.99999 0.0025064 8.0882e-08
0.029866 -0.030278 0.075731 0.99994 -0.010829 0.0019606 8.1471e-08
0.029928 -0.030228 0.075636 0.99994 -0.010615 0.0014555 8.1129e-08
0.029905 -0.030258 0.075732 0.99994 -0.010527 0.0017422 8.1433e-08
0.029827 -0.030238 0.075483 0.99994 -0.010894 0.0021101 8.0767e-08
0.029827 -0.030238 0.075483 0.99994 -0.010894 0.0021101 8.0767e-08
0.029958 -0.03014 0.075624 0.99993 -0.011999 0.0021594 8.1192e-08
0.029996 -0.03004 0.07568 0.99994 -0.01057 0.00099599 8.1547e-08
0.029883 -0.030149 0.075546 0.99993 -0.011766 0.0023154 8.0964e-08
0.029965 -0.030145 0.075625 0.99993 -0.011909 0.0020196 8.1185e-08
0.029851 -0.030251 0.075684 0.99994 -0.010476 0.0020155 8.1302e-08
0.059053 -0.029981 0.075225 0.99985 -0.011001 0.013025 7.9387e-08
0.059224 -0.030376 0.075746 0.99988 -0.011376 0.010514 8.0805e-08
0.058984 -0.030104 0.075324 0.99985 -0.010382 0.014017 7.9675e-08
0.059235 -0.030133 0.075571 0.99986 -0.012859 0.011078 8.0482e-08
0.059224 -0.030152 0.07557 0.99986 -0.012733 0.011213 8.046e-08
0.059064 -0.029974 0.075421 0.99986 -0.011192 0.012398 7.986e-08
0.059195 -0.030253 0.075474 0.99987 -0.011756 0.011451 8.0084e-08
0.059144 -0.030151 0.075385 0.99984 -0.012636 0.012398 7.9672e-08
0.058962 -0.030185 0.075528 0.99986 -0.0099017 0.013547 8.0006e-08
0.058981 -0.030089 0.07543 0.99985 -0.010626 0.013965 7.9984e-08
-0.059498 -0.060432 0.075757 0.99991 -0.0074354 -0.011244 8.1165e-08
-0.05944 -0.060413 0.075506 0.9999 -0.0073961 -0.012212 8.0433e-08
-0.059265 -0.060545 0.075594 0.99986 -0.0074926 -0.014968 8.0797e-08
-0.059272 -0.060538 0.075601 0.99986 -0.007434 -0.014834 8.0823e-08
-0.059453 -0.060406 0.075507 0.9999 -0.0073624 -0.011954 8.0443e-08
-0.059442 -0.060411 0.075488 0.9999 -0.0073844 -0.012127 8.038e-08
-0.059291 -0.060527 0.075642 0.99987 -0.0073607 -0.014451 8.0958e-08
-0.059462 -0.0604 0.075528 0.9999 -0.0073162 -0.011777 8.051e-08
-0.05946 -0.060402 0.075547 0.9999 -0.0073311 -0.011866 8.0565e-08
-0.059448 -0.06041 0.075545 0.9999 -0.0074059 -0.012082 8.0547e-08
-0.030243 -0.060085 0.075049 0.99996 -0.0091187 0.00030249 8.0249e-08
-0.030146 -0.060163 0.075261 0.99995 -0.010014 -0.00077351 8.0899e-08
-0.030243 -0.060085 0.075049 0.99996 -0.0091187 0.00030249 8.0249e-08
-0.030287 -0.060099 0.075093 0.99995 -0.0094789 0.00050122 8.0377e-08
-0.030305 -0.060176 0.075456 0.99995 -0.0098002 -3.2455e-05 8.151e-08
-0.030287 -0.060099 0.075093 0.99995 -0.0094789 0.00050122 8.0377e-08
-0.030165 -0.060168 0.075285 0.99995 -0.010247 -0.00069032 8.0968e-08
-0.030146 -0.060167 0.075258 0.99995 -0.010053 -0.00075212 8.0887e-08
-0.030147 -0.060166 0.075263 0.99995 -0.010067 -0.00074216 8.0902e-08
-0.030158 -0.060059 0.074912 0.99996 -0.0089614 0.00028465 7.9824e-08
-0.0001899 -0.059656 0.07605 -0.0019523 0.99996 -0.0086724 8.1526e-08
-0.00011157 -0.059519 0.076104 -0.0042049 0.99995 -0.0085019 8.1601e-08
-0.00010165 -0.059478 0.076131 -0.0040384 0.99996 -0.0082017 8.1431e-08
-0.00028467 -0.059618 0.076367 -0.0044584 0.99997 -0.0056502 8.2289e-08
-0.00015297 -0.059527 0.076346 -0.004357 0.99996 -0.0080214 8.2175e-08
-0.00035928 -0.059695 0.07637 -0.0042467 0.99999 -0.0033986 8.2473e-08
-0.00037765 -0.05969 0.076248 -0.0044149 0.99998 -0.0036844 8.2159e-08
-0.0001241 -0.059526 0.076294 -0.0037748 0.99997 -0.0060041 8.1926e-08
-0.00018748 -0.059601 0.076067 -0.001535 0.99998 -0.0059974 8.1469e-08
-3.4607e-05 -0.05948 0.076273 -0.0034316 0.99997 -0.0071823 8.1907e-08
0.029768 -0.060044 0.075028 0.99997 -0.007367 0.00046553 7.9481e-08
0.029937 -0.059989 0.075002 0.99995 -0.0095359 -0.0034135 7.9777e-08
0.029802 -0.059985 0.075091 0.99996 -0.0088782 0.00048228 7.9707e-08
0.029808 -0.059986 0.075108 0.99996 -0.0089265 0.00047115 7.9761e-08
0.029952 -0.059942 0.075138 0.99996 -0.0085931 -0.00091553 8.0073e-08
0.029883 -0.060136 0.075315 0.99995 -0.010413 0.0005656 8.0367e-08
0.029875 -0.060139 0.075336 0.99995 -0.010469 0.0005002 8.0439e-08
0.029886 -0.060017 0.075239 0.99996 -0.008795 0.00028343 8.0143e-08
0.029883 -0.060013 0.075214 0.99996 -0.0087414 0.00036976 8.0062e-08
0.029759 -0.059972 0.075022 0.99996 -0.008411 0.00066812 7.9493e-08
0.059391 -0.06032 0.075865 0.99992 -0.011185 0.00581 8.0965e-08
0.059385 -0.060338 0.075945 0.99992 -0.0112 0.005623 8.1156e-08
0.059512 -0.060224 0.07597 0.99993 -0.011697 0.0029314 8.1033e-08
0.059403 -0.060391 0.076218 0.99993 -0.011267 0.0044048 8.1828e-08
0.05937 -0.060351 0.075902 0.99992 -0.011133 0.0061994 8.1092e-08
0.059185 -0.060417 0.07589 0.9999 -0.011091 0.0088701 8.0698e-08
0.05927 -0.060289 0.075985 0.99991 -0.011284 0.0073494 8.1083e-08
0.059368 -0.060343 0.075873 0.99992 -0.011117 0.0063101 8.1014e-08
0.059371 -0.060264 0.075727 0.99991 -0.011388 0.0065825 8.0596e-08
0.059392 -0.06034 0.075943 0.99992 -0.01124 0.0055099 8.116e-08
